script/test/A756.asc
ncols         83
nrows         136
xllcorner     -110000.000000
yllcorner     2428000.000000
cellsize      2000.000000
NODATA_value  -9999
[rows 0 to 25 of 136, columns 0 to 59 of 83]
35.590000 35.799999 35.959999 36.090000 36.220001 36.320000 36.400002 36.480000 36.549999 36.610001 36.660000 36.709999 36.750000 36.770000 36.820000 36.840000 36.860001 36.900002 36.930000 36.959999 36.990002 37.020000 37.060001 37.090000 37.139999 37.180000 37.230000 37.290001 37.340000 37.430000 37.540001 37.650002 37.770000 37.880001 37.950001 37.970001 37.930000 37.840000 37.750000 37.650002 37.549999 37.459999 37.380001 37.320000 37.250000 37.220001 37.180000 37.150002 37.110001 37.090000 37.080002 37.070000 37.049999 37.040001 37.020000 37.000000 36.990002 36.980000 36.959999 36.930000
35.549999 35.750000 35.930000 36.070000 36.180000 36.290001 36.380001 36.459999 36.520000 36.590000 36.639999 36.680000 36.730000 36.770000 36.810001 36.840000 36.860001 36.910000 36.930000 36.970001 37.000000 37.040001 37.080002 37.110001 37.150002 37.180000 37.240002 37.290001 37.340000 37.410000 37.500000 37.610001 37.709999 37.810001 37.860001 37.889999 37.860001 37.790001 37.700001 37.610001 37.520000 37.430000 37.360001 37.299999 37.250000 37.209999 37.160000 37.139999 37.110001 37.090000 37.080002 37.060001 37.049999 37.020000 37.020000 37.000000 36.990002 36.970001 36.950001 36.930000
35.520000 35.730000 35.910000 36.049999 36.180000 36.270000 36.360001 36.450001 36.520000 36.580002 36.630001 36.680000 36.720001 36.750000 36.799999 36.840000 36.860001 36.910000 36.950001 36.990002 37.020000 37.070000 37.110001 37.139999 37.180000 37.209999 37.250000 37.290001 37.340000 37.389999 37.470001 37.549999 37.630001 37.709999 37.750000 37.770000 37.750000 37.700001 37.630001 37.549999 37.470001 37.400002 37.340000 37.270000 37.240002 37.200001 37.160000 37.139999 37.110001 37.090000 37.080002 37.060001 37.049999 37.020000 37.000000 37.000000 36.980000 36.959999 36.930000 36.910000
35.520000 35.730000 35.900002 36.049999 36.160000 36.270000 36.360001 36.430000 36.500000 36.570000 36.610001 36.660000 36.709999 36.750000 36.799999 36.840000 36.880001 36.910000 36.970001 37.000000 37.049999 37.090000 37.139999 37.180000 37.209999 37.240002 37.270000 37.299999 37.330002 37.360001 37.410000 37.480000 37.540001 37.590000 37.639999 37.650002 37.639999 37.590000 37.540001 37.480000 37.410000 37.360001 37.310001 37.250000 37.220001 37.180000 37.160000 37.130001 37.110001 37.090000 37.080002 37.060001 37.049999 37.020000 37.000000 37.000000 36.980000 36.959999 36.930000 36.910000
35.560001 35.750000 35.910000 36.060001 36.160000 36.270000 36.360001 36.430000 36.500000 36.560001 36.610001 36.660000 36.709999 36.750000 36.799999 36.840000 36.889999 36.930000 36.980000 37.020000 37.090000 37.139999 37.180000 37.220001 37.250000 37.270000 37.299999 37.310001 37.330002 37.340000 37.380001 37.410000 37.459999 37.500000 37.520000 37.540001 37.520000 37.500000 37.459999 37.410000 37.360001 37.310001 37.270000 37.230000 37.200001 37.160000 37.150002 37.130001 37.110001 37.090000 37.080002 37.060001 37.049999 37.020000 37.020000 37.000000 36.980000 36.950001 36.930000 36.900002
35.610001 35.790001 35.930000 36.070000 36.180000 36.270000 36.360001 36.430000 36.500000 36.560001 36.610001 36.660000 36.709999 36.750000 36.799999 36.840000 36.900002 36.950001 37.000000 37.060001 37.130001 37.180000 37.240002 37.290001 37.320000 37.340000 37.340000 37.340000 37.340000 37.340000 37.340000 37.360001 37.389999 37.410000 37.430000 37.430000 37.430000 37.410000 37.380001 37.340000 37.310001 37.270000 37.240002 37.209999 37.180000 37.160000 37.139999 37.110001 37.090000 37.090000 37.080002 37.070000 37.049999 37.040001 37.020000 37.000000 36.980000 36.959999 36.930000 36.900002
35.660000 35.840000 35.980000 36.090000 36.200001 36.290001 36.360001 36.430000 36.500000 36.560001 36.610001 36.660000 36.709999 36.750000 36.799999 36.840000 36.900002 36.959999 37.020000 37.090000 37.160000 37.240002 37.310001 37.360001 37.410000 37.430000 37.410000 37.400002 37.360001 37.340000 37.330002 37.330002 37.330002 37.340000 37.340000 37.340000 37.340000 37.330002 37.310001 37.270000 37.250000 37.230000 37.200001 37.180000 37.160000 37.139999 37.130001 37.110001 37.090000 37.090000 37.080002 37.070000 37.060001 37.049999 37.020000 37.000000 36.990002 36.959999 36.930000 36.900002
35.750000 35.900002 36.020000 36.130001 36.230000 36.310001 36.389999 36.450001 36.500000 36.560001 36.610001 36.660000 36.700001 36.750000 36.799999 36.840000 36.910000 36.980000 37.049999 37.130001 37.220001 37.310001 37.400002 37.480000 37.520000 37.540001 37.500000 37.470001 37.410000 37.360001 37.330002 37.299999 37.290001 37.270000 37.270000 37.270000 37.270000 37.250000 37.240002 37.230000 37.209999 37.180000 37.160000 37.150002 37.139999 37.130001 37.110001 37.110001 37.090000 37.090000 37.090000 37.080002 37.080002 37.060001 37.049999 37.020000 37.000000 36.980000 36.930000 36.900002
35.840000 35.959999 36.080002 36.160000 36.250000 36.340000 36.400002 36.459999 36.520000 36.570000 36.610001 36.660000 36.700001 36.750000 36.799999 36.840000 36.910000 36.980000 37.060001 37.160000 37.270000 37.380001 37.500000 37.590000 37.660000 37.660000 37.630001 37.560001 37.470001 37.389999 37.330002 37.270000 37.250000 37.240002 37.220001 37.220001 37.209999 37.200001 37.180000 37.180000 37.160000 37.150002 37.139999 37.130001 37.110001 37.110001 37.110001 37.110001 37.110001 37.110001 37.090000 37.090000 37.090000 37.080002 37.070000 37.049999 37.020000 36.990002 36.959999 36.910000
35.910000 36.020000 36.130001 36.220001 36.290001 36.360001 36.410000 36.480000 36.520000 36.570000 36.610001 36.660000 36.700001 36.750000 36.790001 36.840000 36.910000 36.980000 37.070000 37.180000 37.299999 37.430000 37.590000 37.720001 37.810001 37.820000 37.750000 37.639999 37.520000 37.410000 37.330002 37.250000 37.220001 37.180000 37.180000 37.160000 37.160000 37.150002 37.139999 37.139999 37.130001 37.110001 37.110001 37.110001 37.110001 37.110001 37.110001 37.110001 37.110001 37.110001 37.110001 37.110001 37.110001 37.110001 37.090000 37.080002 37.049999 37.020000 36.980000 36.910000
36.000000 36.090000 36.180000 36.250000 36.330002 36.389999 36.430000 36.490002 36.540001 36.580002 36.610001 36.660000 36.700001 36.740002 36.790001 36.840000 36.900002 36.970001 37.060001 37.180000 37.310001 37.480000 37.650002 37.820000 37.930000 37.930000 37.840000 37.709999 37.549999 37.410000 37.310001 37.240002 37.180000 37.150002 37.130001 37.110001 37.110001 37.090000 37.090000 37.090000 37.090000 37.090000 37.090000 37.090000 37.090000 37.090000 37.110001 37.110001 37.110001 37.130001 37.139999 37.139999 37.150002 37.139999 37.130001 37.110001 37.090000 37.060001 37.000000 36.950001
36.090000 36.160000 36.240002 36.299999 36.360001 36.410000 36.470001 36.500000 36.549999 36.590000 36.630001 36.660000 36.680000 36.730000 36.770000 36.820000 36.880001 36.950001 37.040001 37.150002 37.290001 37.459999 37.660000 37.840000 37.970001 37.980000 37.880001 37.709999 37.540001 37.389999 37.270000 37.200001 37.139999 37.110001 37.090000 37.070000 37.070000 37.060001 37.060001 37.060001 37.070000 37.070000 37.080002 37.080002 37.090000 37.090000 37.110001 37.130001 37.139999 37.150002 37.160000 37.180000 37.180000 37.180000 37.180000 37.160000 37.139999 37.090000 37.049999 36.980000
36.160000 36.230000 36.290001 36.340000 36.400002 36.450001 36.490002 36.520000 36.570000 36.590000 36.630001 36.660000 36.680000 36.720001 36.750000 36.799999 36.840000 36.910000 36.990002 37.090000 37.230000 37.389999 37.580002 37.750000 37.889999 37.910000 37.799999 37.639999 37.470001 37.330002 37.220001 37.139999 37.090000 37.060001 37.040001 37.020000 37.020000 37.020000 37.020000 37.020000 37.040001 37.049999 37.060001 37.070000 37.080002 37.090000 37.110001 37.139999 37.160000 37.180000 37.200001 37.209999 37.230000 37.240002 37.240002 37.230000 37.209999 37.160000 37.110001 37.020000
36.220001 36.270000 36.340000 36.389999 36.430000 36.480000 36.520000 36.560001 36.590000 36.610001 36.639999 36.660000 36.680000 36.709999 36.740002 36.770000 36.810001 36.860001 36.930000 37.000000 37.110001 37.250000 37.410000 37.570000 37.680000 37.680000 37.610001 37.480000 37.340000 37.220001 37.130001 37.070000 37.020000 37.000000 36.990002 36.980000 36.980000 36.990002 36.990002 37.000000 37.000000 37.020000 37.040001 37.060001 37.080002 37.090000 37.130001 37.150002 37.180000 37.209999 37.240002 37.250000 37.270000 37.299999 37.310001 37.310001 37.290001 37.250000 37.180000 37.090000
36.270000 36.340000 36.389999 36.430000 36.480000 36.520000 36.560001 36.580002 36.610001 36.630001 36.650002 36.660000 36.680000 36.700001 36.720001 36.740002 36.770000 36.810001 36.840000 36.910000 36.980000 37.080002 37.180000 37.290001 37.360001 37.380001 37.340000 37.250000 37.160000 37.080002 37.020000 36.980000 36.950001 36.930000 36.930000 36.930000 36.930000 36.950001 36.959999 36.980000 36.990002 37.000000 37.020000 37.049999 37.080002 37.110001 37.139999 37.160000 37.209999 37.240002 37.270000 37.320000 37.340000 37.380001 37.400002 37.410000 37.389999 37.360001 37.290001 37.180000
36.340000 36.389999 36.430000 36.480000 36.520000 36.560001 36.590000 36.610001 36.639999 36.650002 36.660000 36.660000 36.680000 36.680000 36.700001 36.709999 36.730000 36.750000 36.770000 36.799999 36.830002 36.880001 36.930000 36.980000 37.020000 37.040001 37.020000 37.000000 36.959999 36.930000 36.900002 36.889999 36.880001 36.860001 36.880001 36.889999 36.900002 36.910000 36.930000 36.950001 36.970001 36.990002 37.020000 37.049999 37.080002 37.110001 37.150002 37.180000 37.240002 37.270000 37.330002 37.380001 37.430000 37.470001 37.500000 37.520000 37.520000 37.500000 37.430000 37.320000
36.389999 36.430000 36.480000 36.520000 36.560001 36.590000 36.630001 36.650002 36.660000 36.680000 36.680000 36.680000 36.680000 36.680000 36.680000 36.680000 36.680000 36.680000 36.680000 36.680000 36.680000 36.680000 36.680000 36.680000 36.680000 36.720001 36.740002 36.750000 36.770000 36.770000 36.770000 36.790001 36.799999 36.810001 36.820000 36.840000 36.860001 36.880001 36.900002 36.930000 36.950001 36.980000 37.000000 37.040001 37.080002 37.110001 37.160000 37.220001 37.270000 37.330002 37.389999 37.450001 37.520000 37.580002 37.639999 37.680000 37.700001 37.680000 37.630001 37.500000
36.430000 36.470001 36.520000 36.570000 36.610001 36.650002 36.680000 36.700001 36.709999 36.720001 36.709999 36.700001 36.680000 36.680000 36.660000 36.650002 36.639999 36.630001 36.610001 36.580002 36.549999 36.500000 36.459999 36.410000 36.410000 36.430000 36.490002 36.549999 36.590000 36.630001 36.660000 36.680000 36.720001 36.740002 36.770000 36.790001 36.820000 36.840000 36.860001 36.900002 36.930000 36.970001 37.000000 37.040001 37.080002 37.130001 37.180000 37.240002 37.299999 37.380001 37.450001 37.520000 37.610001 37.700001 37.790001 37.860001 37.900002 37.910000 37.880001 37.770000
36.470001 36.500000 36.560001 36.610001 36.650002 36.680000 36.730000 36.750000 36.750000 36.750000 36.750000 36.730000 36.700001 36.680000 36.660000 36.630001 36.610001 36.580002 36.540001 36.490002 36.430000 36.360001 36.270000 36.220001 36.180000 36.230000 36.310001 36.380001 36.450001 36.500000 36.560001 36.610001 36.650002 36.680000 36.720001 36.750000 36.770000 36.810001 36.840000 36.880001 36.910000 36.950001 36.990002 37.040001 37.090000 37.139999 37.200001 37.270000 37.340000 37.430000 37.520000 37.610001 37.730000 37.840000 37.959999 38.070000 38.160000 38.209999 38.209999 38.130001
36.500000 36.549999 36.590000 36.650002 36.700001 36.750000 36.790001 36.810001 36.820000 36.810001 36.790001 36.750000 36.720001 36.680000 36.650002 36.610001 36.580002 36.540001 36.490002 36.430000 36.340000 36.250000 36.160000 36.080002 36.049999 36.090000 36.180000 36.270000 36.340000 36.410000 36.480000 36.520000 36.580002 36.630001 36.660000 36.709999 36.750000 36.790001 36.820000 36.860001 36.900002 36.930000 36.990002 37.020000 37.090000 37.150002 37.220001 37.290001 37.380001 37.480000 37.590000 37.709999 37.840000 37.990002 38.150002 38.310001 38.450001 38.560001 38.610001 38.590000
36.520000 36.570000 36.630001 36.680000 36.740002 36.799999 36.840000 36.880001 36.889999 36.860001 36.840000 36.790001 36.740002 36.680000 36.650002 36.590000 36.560001 36.500000 36.450001 36.380001 36.299999 36.209999 36.110001 36.020000 36.000000 36.040001 36.110001 36.200001 36.270000 36.340000 36.410000 36.470001 36.520000 36.580002 36.630001 36.680000 36.720001 36.750000 36.799999 36.840000 36.880001 36.930000 36.980000 37.020000 37.090000 37.160000 37.230000 37.320000 37.410000 37.520000 37.650002 37.799999 37.959999 38.150002 38.340000 38.570000 38.770000 38.980000 39.110001 39.160000
36.549999 36.590000 36.650002 36.709999 36.770000 36.840000 36.889999 36.930000 36.930000 36.930000 36.880001 36.830002 36.750000 36.700001 36.650002 36.590000 36.540001 36.490002 36.410000 36.360001 36.270000 36.180000 36.110001 36.040001 36.020000 36.049999 36.090000 36.150002 36.209999 36.270000 36.340000 36.410000 36.480000 36.540001 36.590000 36.639999 36.680000 36.740002 36.770000 36.820000 36.860001 36.910000 36.970001 37.020000 37.090000 37.160000 37.240002 37.340000 37.430000 37.570000 37.709999 37.880001 38.080002 38.299999 38.560001 38.840000 39.139999 39.430000 39.680000 39.830002
36.560001 36.610001 36.660000 36.730000 36.790001 36.860001 36.930000 36.970001 36.990002 36.959999 36.910000 36.840000 36.770000 36.709999 36.639999 36.590000 36.520000 36.470001 36.410000 36.340000 36.270000 36.200001 36.139999 36.090000 36.070000 36.060001 36.070000 36.090000 36.160000 36.230000 36.299999 36.380001 36.450001 36.500000 36.570000 36.610001 36.660000 36.720001 36.750000 36.810001 36.860001 36.910000 36.959999 37.020000 37.090000 37.160000 37.250000 37.340000 37.470001 37.590000 37.770000 37.950001 38.180000 38.430000 38.750000 39.090000 39.490002 39.889999 40.250000 40.520000
36.570000 36.610001 36.660000 36.730000 36.799999 36.860001 36.930000 36.980000 36.990002 36.970001 36.910000 36.840000 36.770000 36.700001 36.639999 36.580002 36.520000 36.459999 36.400002 36.340000 36.270000 36.220001 36.160000 36.110001 36.070000 36.020000 36.020000 36.049999 36.110001 36.180000 36.270000 36.340000 36.410000 36.490002 36.549999 36.590000 36.650002 36.700001 36.750000 36.799999 36.840000 36.900002 36.950001 37.020000 37.090000 37.160000 37.250000 37.360001 37.480000 37.630001 37.799999 38.000000 38.250000 38.549999 38.900002 39.320000 39.770000 40.290001 40.770000 41.160000
36.570000 36.610001 36.660000 36.720001 36.790001 36.840000 36.910000 36.950001 36.970001 36.950001 36.900002 36.830002 36.750000 36.680000 36.630001 36.570000 36.500000 36.459999 36.400002 36.340000 36.290001 36.230000 36.180000 36.110001 36.060001 36.000000 36.000000 36.020000 36.090000 36.180000 36.250000 36.340000 36.410000 36.470001 36.520000 36.590000 36.639999 36.680000 36.730000 36.770000 36.830002 36.889999 36.930000 37.000000 37.080002 37.160000 37.250000 37.360001 37.490002 37.639999 37.820000 38.040001 38.299999 38.610001 39.000000 39.459999 39.980000 40.560001 41.130001 41.590000
36.560001 36.590000 36.650002 36.700001 36.750000 36.810001 36.860001 36.900002 36.910000 36.889999 36.840000 36.799999 36.730000 36.660000 36.610001 36.560001 36.500000 36.459999 36.410000 36.340000 36.299999 36.250000 36.180000 36.139999 36.080002 36.040001 36.020000 36.060001 36.110001 36.180000 36.270000 36.340000 36.400002 36.470001 36.520000 36.580002 36.630001 36.660000 36.720001 36.770000 36.820000 36.860001 36.930000 36.990002 37.070000 37.150002 37.240002 37.340000 37.480000 37.639999 37.820000 38.049999 38.320000 38.639999 39.040001 39.500000 40.049999 40.650002 41.240002 41.730000
