script/test/A756.asc
ncols         83
nrows         136
xllcorner     -110000.000000
yllcorner     2428000.000000
cellsize      2000.000000
NODATA_value  -9999
[rows 26 to 51 of 136, columns 0 to 59 of 83]
36.560001 36.590000 36.630001 36.660000 36.720001 36.770000 36.810001 36.830002 36.840000 36.830002 36.799999 36.750000 36.700001 36.650002 36.590000 36.549999 36.500000 36.450001 36.410000 36.360001 36.320000 36.270000 36.220001 36.160000 36.130001 36.090000 36.090000 36.110001 36.160000 36.220001 36.270000 36.340000 36.410000 36.470001 36.520000 36.570000 36.610001 36.660000 36.709999 36.750000 36.810001 36.860001 36.910000 36.980000 37.049999 37.130001 37.230000 37.340000 37.459999 37.610001 37.799999 38.020000 38.290001 38.610001 39.000000 39.450001 39.980000 40.540001 41.090000 41.549999
36.549999 36.570000 36.610001 36.639999 36.680000 36.709999 36.750000 36.770000 36.770000 36.750000 36.740002 36.700001 36.660000 36.610001 36.570000 36.520000 36.490002 36.450001 36.410000 36.360001 36.330002 36.290001 36.250000 36.209999 36.180000 36.160000 36.150002 36.160000 36.209999 36.250000 36.310001 36.360001 36.410000 36.470001 36.520000 36.570000 36.610001 36.660000 36.700001 36.750000 36.790001 36.840000 36.900002 36.959999 37.020000 37.110001 37.200001 37.310001 37.430000 37.580002 37.750000 37.970001 38.220001 38.520000 38.889999 39.310001 39.770000 40.270000 40.750000 41.130001
36.540001 36.560001 36.580002 36.610001 36.639999 36.660000 36.680000 36.700001 36.709999 36.700001 36.680000 36.650002 36.610001 36.590000 36.549999 36.520000 36.480000 36.450001 36.410000 36.380001 36.340000 36.320000 36.270000 36.250000 36.230000 36.220001 36.220001 36.230000 36.250000 36.299999 36.340000 36.389999 36.430000 36.480000 36.520000 36.560001 36.610001 36.650002 36.680000 36.730000 36.770000 36.830002 36.880001 36.930000 37.000000 37.080002 37.160000 37.270000 37.389999 37.520000 37.700001 37.900002 38.130001 38.410000 38.730000 39.090000 39.500000 39.910000 40.290001 40.580002
36.520000 36.540001 36.560001 36.580002 36.590000 36.610001 36.630001 36.650002 36.650002 36.639999 36.630001 36.610001 36.580002 36.560001 36.520000 36.500000 36.470001 36.450001 36.410000 36.389999 36.360001 36.340000 36.310001 36.290001 36.270000 36.270000 36.270000 36.270000 36.299999 36.330002 36.360001 36.410000 36.450001 36.490002 36.520000 36.560001 36.590000 36.639999 36.680000 36.720001 36.750000 36.810001 36.860001 36.910000 36.980000 37.049999 37.130001 37.230000 37.340000 37.470001 37.630001 37.810001 38.020000 38.250000 38.540001 38.840000 39.180000 39.500000 39.799999 40.000000
36.520000 36.520000 36.540001 36.549999 36.560001 36.580002 36.590000 36.590000 36.590000 36.590000 36.580002 36.570000 36.549999 36.520000 36.500000 36.490002 36.470001 36.430000 36.410000 36.400002 36.380001 36.360001 36.340000 36.330002 36.310001 36.310001 36.310001 36.320000 36.340000 36.360001 36.389999 36.430000 36.459999 36.490002 36.520000 36.560001 36.590000 36.630001 36.660000 36.700001 36.740002 36.790001 36.830002 36.880001 36.930000 37.000000 37.090000 37.180000 37.270000 37.400002 37.540001 37.700001 37.889999 38.090000 38.330002 38.590000 38.840000 39.090000 39.320000 39.480000
36.500000 36.500000 36.520000 36.520000 36.520000 36.540001 36.549999 36.549999 36.560001 36.549999 36.549999 36.540001 36.520000 36.500000 36.490002 36.470001 36.459999 36.430000 36.410000 36.400002 36.389999 36.360001 36.360001 36.340000 36.340000 36.340000 36.340000 36.360001 36.360001 36.389999 36.410000 36.430000 36.470001 36.500000 36.520000 36.560001 36.590000 36.610001 36.650002 36.680000 36.720001 36.750000 36.799999 36.840000 36.910000 36.970001 37.040001 37.110001 37.220001 37.330002 37.450001 37.590000 37.750000 37.930000 38.130001 38.330002 38.540001 38.740002 38.900002 39.020000
36.500000 36.500000 36.500000 36.500000 36.500000 36.500000 36.520000 36.520000 36.520000 36.520000 36.500000 36.500000 36.490002 36.480000 36.470001 36.459999 36.450001 36.430000 36.410000 36.410000 36.400002 36.380001 36.380001 36.360001 36.360001 36.360001 36.360001 36.380001 36.389999 36.410000 36.430000 36.450001 36.480000 36.500000 36.520000 36.549999 36.580002 36.610001 36.639999 36.660000 36.700001 36.730000 36.770000 36.810001 36.860001 36.910000 36.990002 37.060001 37.150002 37.250000 37.360001 37.480000 37.610001 37.770000 37.930000 38.090000 38.250000 38.410000 38.540001 38.630001
36.500000 36.490002 36.480000 36.480000 36.480000 36.480000 36.480000 36.490002 36.490002 36.490002 36.480000 36.480000 36.470001 36.459999 36.450001 36.430000 36.430000 36.410000 36.410000 36.410000 36.400002 36.389999 36.389999 36.380001 36.380001 36.380001 36.389999 36.400002 36.410000 36.410000 36.430000 36.459999 36.480000 36.500000 36.520000 36.549999 36.570000 36.590000 36.610001 36.639999 36.660000 36.700001 36.730000 36.770000 36.820000 36.860001 36.930000 37.000000 37.070000 37.160000 37.250000 37.360001 37.490002 37.610001 37.750000 37.889999 38.020000 38.139999 38.240002 38.310001
36.490002 36.470001 36.459999 36.459999 36.459999 36.459999 36.459999 36.459999 36.459999 36.459999 36.459999 36.450001 36.450001 36.430000 36.430000 36.430000 36.410000 36.410000 36.410000 36.400002 36.400002 36.389999 36.389999 36.389999 36.389999 36.389999 36.400002 36.410000 36.410000 36.430000 36.450001 36.459999 36.480000 36.500000 36.520000 36.540001 36.560001 36.580002 36.590000 36.610001 36.639999 36.660000 36.680000 36.730000 36.770000 36.810001 36.860001 36.930000 37.000000 37.080002 37.160000 37.270000 37.360001 37.480000 37.590000 37.709999 37.810001 37.910000 37.990002 38.040001
36.480000 36.459999 36.430000 36.430000 36.430000 36.430000 36.430000 36.430000 36.430000 36.430000 36.430000 36.430000 36.410000 36.410000 36.410000 36.410000 36.410000 36.400002 36.400002 36.400002 36.389999 36.389999 36.389999 36.389999 36.400002 36.400002 36.410000 36.410000 36.410000 36.430000 36.450001 36.459999 36.480000 36.490002 36.500000 36.520000 36.540001 36.560001 36.570000 36.590000 36.610001 36.630001 36.650002 36.680000 36.709999 36.750000 36.799999 36.860001 36.910000 37.000000 37.080002 37.160000 37.250000 37.360001 37.450001 37.549999 37.639999 37.720001 37.770000 37.830002
36.459999 36.430000 36.430000 36.410000 36.410000 36.410000 36.410000 36.410000 36.410000 36.410000 36.410000 36.400002 36.400002 36.400002 36.400002 36.400002 36.389999 36.389999 36.389999 36.389999 36.389999 36.389999 36.389999 36.389999 36.400002 36.400002 36.410000 36.410000 36.410000 36.430000 36.450001 36.459999 36.470001 36.480000 36.500000 36.500000 36.520000 36.540001 36.549999 36.560001 36.570000 36.580002 36.590000 36.610001 36.650002 36.680000 36.730000 36.770000 36.840000 36.910000 36.990002 37.070000 37.160000 37.250000 37.330002 37.410000 37.490002 37.560001 37.610001 37.660000
36.430000 36.410000 36.400002 36.389999 36.389999 36.380001 36.380001 36.380001 36.380001 36.380001 36.380001 36.380001 36.380001 36.380001 36.380001 36.380001 36.380001 36.380001 36.380001 36.380001 36.380001 36.380001 36.380001 36.389999 36.389999 36.400002 36.400002 36.410000 36.410000 36.430000 36.430000 36.450001 36.459999 36.470001 36.490002 36.500000 36.500000 36.500000 36.520000 36.520000 36.520000 36.520000 36.540001 36.560001 36.580002 36.610001 36.650002 36.700001 36.770000 36.840000 36.910000 36.990002 37.070000 37.150002 37.230000 37.299999 37.360001 37.430000 37.480000 37.520000
36.410000 36.400002 36.380001 36.360001 36.360001 36.360001 36.360001 36.360001 36.360001 36.360001 36.360001 36.360001 36.360001 36.360001 36.360001 36.360001 36.360001 36.360001 36.360001 36.360001 36.360001 36.360001 36.380001 36.380001 36.389999 36.389999 36.400002 36.410000 36.410000 36.410000 36.430000 36.430000 36.450001 36.459999 36.470001 36.480000 36.480000 36.490002 36.490002 36.490002 36.480000 36.480000 36.480000 36.490002 36.500000 36.520000 36.570000 36.610001 36.680000 36.750000 36.830002 36.910000 36.990002 37.060001 37.139999 37.209999 37.270000 37.320000 37.360001 37.410000
36.389999 36.360001 36.360001 36.340000 36.340000 36.340000 36.340000 36.340000 36.340000 36.340000 36.340000 36.340000 36.340000 36.340000 36.340000 36.340000 36.340000 36.340000 36.340000 36.340000 36.360001 36.360001 36.360001 36.360001 36.380001 36.380001 36.389999 36.400002 36.410000 36.410000 36.410000 36.430000 36.430000 36.450001 36.459999 36.459999 36.459999 36.459999 36.459999 36.450001 36.430000 36.410000 36.410000 36.410000 36.410000 36.430000 36.480000 36.540001 36.610001 36.680000 36.750000 36.840000 36.910000 36.990002 37.060001 37.130001 37.180000 37.240002 37.270000 37.320000
36.340000 36.340000 36.330002 36.320000 36.320000 36.310001 36.310001 36.310001 36.310001 36.310001 36.320000 36.320000 36.320000 36.320000 36.320000 36.330002 36.330002 36.330002 36.340000 36.340000 36.340000 36.340000 36.340000 36.360001 36.360001 36.360001 36.380001 36.389999 36.389999 36.400002 36.410000 36.410000 36.430000 36.430000 36.430000 36.430000 36.430000 36.430000 36.430000 36.410000 36.389999 36.360001 36.340000 36.320000 36.320000 36.340000 36.389999 36.450001 36.520000 36.610001 36.700001 36.770000 36.860001 36.930000 37.000000 37.060001 37.110001 37.160000 37.209999 37.250000
36.320000 36.310001 36.299999 36.290001 36.290001 36.290001 36.290001 36.290001 36.290001 36.290001 36.290001 36.299999 36.299999 36.299999 36.299999 36.310001 36.310001 36.320000 36.320000 36.320000 36.330002 36.330002 36.340000 36.340000 36.340000 36.360001 36.360001 36.360001 36.380001 36.389999 36.400002 36.410000 36.410000 36.410000 36.410000 36.410000 36.410000 36.410000 36.400002 36.360001 36.340000 36.299999 36.250000 36.230000 36.220001 36.240002 36.290001 36.360001 36.459999 36.549999 36.639999 36.730000 36.810001 36.880001 36.950001 37.000000 37.070000 37.110001 37.160000 37.200001
36.270000 36.270000 36.270000 36.270000 36.250000 36.250000 36.250000 36.250000 36.250000 36.270000 36.270000 36.270000 36.270000 36.270000 36.270000 36.290001 36.290001 36.299999 36.299999 36.310001 36.310001 36.320000 36.320000 36.330002 36.340000 36.340000 36.340000 36.360001 36.360001 36.380001 36.380001 36.389999 36.400002 36.400002 36.410000 36.410000 36.400002 36.389999 36.360001 36.340000 36.299999 36.250000 36.180000 36.139999 36.110001 36.139999 36.200001 36.290001 36.389999 36.500000 36.590000 36.680000 36.770000 36.840000 36.910000 36.970001 37.020000 37.070000 37.110001 37.160000
36.250000 36.240002 36.240002 36.240002 36.240002 36.240002 36.240002 36.240002 36.240002 36.240002 36.250000 36.250000 36.250000 36.250000 36.250000 36.270000 36.270000 36.270000 36.270000 36.290001 36.299999 36.299999 36.310001 36.310001 36.320000 36.330002 36.340000 36.340000 36.340000 36.360001 36.360001 36.380001 36.380001 36.389999 36.389999 36.389999 36.389999 36.380001 36.360001 36.320000 36.270000 36.209999 36.139999 36.070000 36.040001 36.060001 36.130001 36.230000 36.340000 36.470001 36.580002 36.660000 36.750000 36.830002 36.889999 36.950001 37.000000 37.040001 37.080002 37.110001
36.209999 36.209999 36.209999 36.209999 36.209999 36.209999 36.209999 36.209999 36.220001 36.220001 36.220001 36.230000 36.230000 36.240002 36.240002 36.250000 36.250000 36.250000 36.250000 36.270000 36.270000 36.270000 36.290001 36.299999 36.299999 36.310001 36.320000 36.330002 36.330002 36.340000 36.340000 36.360001 36.360001 36.360001 36.380001 36.380001 36.380001 36.360001 36.340000 36.310001 36.250000 36.180000 36.110001 36.040001 36.000000 36.020000 36.090000 36.209999 36.340000 36.459999 36.570000 36.660000 36.750000 36.820000 36.880001 36.930000 36.980000 37.020000 37.060001 37.090000
36.180000 36.180000 36.180000 36.180000 36.180000 36.180000 36.180000 36.180000 36.180000 36.180000 36.200001 36.200001 36.209999 36.209999 36.220001 36.220001 36.230000 36.240002 36.240002 36.250000 36.250000 36.250000 36.270000 36.270000 36.290001 36.290001 36.299999 36.310001 36.320000 36.320000 36.330002 36.340000 36.340000 36.360001 36.360001 36.360001 36.360001 36.360001 36.340000 36.310001 36.250000 36.200001 36.110001 36.049999 36.000000 36.020000 36.110001 36.230000 36.360001 36.480000 36.590000 36.680000 36.750000 36.820000 36.880001 36.910000 36.970001 37.000000 37.040001 37.080002
36.139999 36.150002 36.150002 36.150002 36.150002 36.150002 36.160000 36.160000 36.160000 36.160000 36.160000 36.180000 36.180000 36.180000 36.180000 36.200001 36.209999 36.209999 36.220001 36.230000 36.240002 36.240002 36.250000 36.250000 36.270000 36.270000 36.270000 36.290001 36.299999 36.299999 36.310001 36.320000 36.330002 36.340000 36.340000 36.340000 36.360001 36.340000 36.340000 36.320000 36.270000 36.230000 36.160000 36.110001 36.090000 36.110001 36.180000 36.290001 36.410000 36.520000 36.630001 36.709999 36.770000 36.840000 36.889999 36.930000 36.959999 37.000000 37.020000 37.070000
36.110001 36.110001 36.110001 36.110001 36.110001 36.130001 36.130001 36.130001 36.139999 36.139999 36.150002 36.150002 36.160000 36.160000 36.160000 36.180000 36.180000 36.180000 36.200001 36.209999 36.209999 36.220001 36.230000 36.240002 36.250000 36.250000 36.250000 36.270000 36.270000 36.270000 36.290001 36.299999 36.310001 36.320000 36.330002 36.340000 36.340000 36.340000 36.340000 36.330002 36.310001 36.270000 36.240002 36.209999 36.200001 36.220001 36.290001 36.389999 36.500000 36.590000 36.680000 36.770000 36.820000 36.860001 36.910000 36.930000 36.970001 37.000000 37.020000 37.060001
36.080002 36.090000 36.090000 36.090000 36.090000 36.090000 36.090000 36.090000 36.110001 36.110001 36.110001 36.110001 36.130001 36.139999 36.139999 36.150002 36.160000 36.160000 36.180000 36.180000 36.180000 36.200001 36.209999 36.220001 36.220001 36.230000 36.240002 36.240002 36.250000 36.250000 36.270000 36.270000 36.290001 36.299999 36.310001 36.330002 36.340000 36.340000 36.340000 36.340000 36.340000 36.330002 36.320000 36.310001 36.320000 36.360001 36.410000 36.500000 36.610001 36.700001 36.770000 36.840000 36.880001 36.910000 36.930000 36.959999 36.980000 37.000000 37.020000 37.060001
36.049999 36.049999 36.060001 36.060001 36.060001 36.070000 36.070000 36.070000 36.080002 36.080002 36.090000 36.090000 36.090000 36.110001 36.110001 36.130001 36.130001 36.139999 36.150002 36.160000 36.160000 36.180000 36.180000 36.180000 36.200001 36.209999 36.220001 36.220001 36.230000 36.230000 36.240002 36.250000 36.250000 36.270000 36.290001 36.310001 36.330002 36.340000 36.360001 36.360001 36.380001 36.380001 36.389999 36.400002 36.430000 36.480000 36.549999 36.639999 36.730000 36.810001 36.880001 36.930000 36.959999 36.980000 36.990002 36.990002 37.000000 37.000000 37.020000 37.049999
36.020000 36.020000 36.020000 36.020000 36.020000 36.020000 36.040001 36.040001 36.049999 36.049999 36.060001 36.060001 36.070000 36.080002 36.090000 36.090000 36.110001 36.110001 36.130001 36.139999 36.150002 36.160000 36.160000 36.160000 36.180000 36.180000 36.180000 36.200001 36.200001 36.209999 36.209999 36.220001 36.230000 36.250000 36.270000 36.290001 36.310001 36.330002 36.360001 36.380001 36.400002 36.410000 36.450001 36.480000 36.520000 36.590000 36.680000 36.770000 36.860001 36.950001 37.000000 37.049999 37.060001 37.049999 37.040001 37.020000 37.020000 37.020000 37.020000 37.049999
35.990002 35.990002 35.990002 36.000000 36.000000 36.000000 36.000000 36.000000 36.000000 36.020000 36.020000 36.020000 36.040001 36.049999 36.060001 36.070000 36.080002 36.090000 36.090000 36.110001 36.110001 36.130001 36.139999 36.150002 36.160000 36.160000 36.160000 36.160000 36.160000 36.180000 36.180000 36.180000 36.200001 36.220001 36.240002 36.250000 36.290001 36.320000 36.340000 36.380001 36.410000 36.450001 36.490002 36.549999 36.610001 36.680000 36.799999 36.910000 37.020000 37.110001 37.160000 37.180000 37.180000 37.139999 37.090000 37.070000 37.049999 37.020000 37.020000 37.040001
