script/test/A756.asc
ncols         83
nrows         136
xllcorner     -110000.000000
yllcorner     2428000.000000
cellsize      2000.000000
NODATA_value  -9999
[rows 78 to 103 of 136, columns 0 to 59 of 83]
35.560001 35.520000 35.500000 35.490002 35.470001 35.459999 35.450001 35.430000 35.410000 35.400002 35.389999 35.360001 35.340000 35.330002 35.299999 35.270000 35.230000 35.180000 35.110001 35.000000 34.889999 34.750000 34.590000 34.480000 34.450001 34.520000 34.709999 34.950001 35.200001 35.410000 35.610001 35.750000 35.860001 35.910000 35.860001 35.770000 35.680000 35.650002 35.660000 35.700001 35.750000 35.810001 35.880001 35.950001 36.000000 36.070000 36.130001 36.180000 36.240002 36.299999 36.340000 36.400002 36.450001 36.490002 36.540001 36.580002 36.610001 36.660000 36.700001 36.740002
35.520000 35.500000 35.480000 35.459999 35.450001 35.430000 35.430000 35.410000 35.400002 35.380001 35.360001 35.340000 35.320000 35.299999 35.270000 35.250000 35.220001 35.180000 35.130001 35.060001 34.980000 34.880001 34.790001 34.720001 34.709999 34.770000 34.910000 35.090000 35.299999 35.480000 35.650002 35.790001 35.910000 35.990002 35.910000 35.740002 35.590000 35.540001 35.560001 35.610001 35.680000 35.770000 35.840000 35.910000 35.990002 36.060001 36.110001 36.180000 36.240002 36.299999 36.340000 36.400002 36.450001 36.500000 36.540001 36.590000 36.630001 36.660000 36.709999 36.750000
35.470001 35.430000 35.430000 35.410000 35.410000 35.410000 35.400002 35.389999 35.360001 35.340000 35.330002 35.310001 35.290001 35.270000 35.250000 35.230000 35.209999 35.180000 35.150002 35.090000 35.049999 35.000000 34.950001 34.910000 34.930000 34.990002 35.090000 35.230000 35.360001 35.520000 35.650002 35.770000 35.889999 35.950001 35.840000 35.570000 35.400002 35.389999 35.450001 35.540001 35.630001 35.730000 35.810001 35.900002 35.970001 36.049999 36.110001 36.180000 36.240002 36.299999 36.340000 36.400002 36.459999 36.500000 36.549999 36.590000 36.639999 36.680000 36.730000 36.770000
35.360001 35.360001 35.360001 35.360001 35.360001 35.360001 35.360001 35.340000 35.340000 35.310001 35.290001 35.250000 35.240002 35.220001 35.200001 35.180000 35.180000 35.160000 35.150002 35.130001 35.110001 35.090000 35.070000 35.060001 35.080002 35.139999 35.220001 35.320000 35.410000 35.520000 35.630001 35.709999 35.750000 35.740002 35.549999 35.240002 35.139999 35.220001 35.340000 35.470001 35.590000 35.680000 35.790001 35.880001 35.959999 36.040001 36.110001 36.180000 36.240002 36.299999 36.360001 36.410000 36.459999 36.500000 36.560001 36.610001 36.660000 36.700001 36.740002 36.770000
35.240002 35.250000 35.270000 35.299999 35.320000 35.330002 35.330002 35.320000 35.299999 35.270000 35.240002 35.200001 35.160000 35.150002 35.139999 35.130001 35.130001 35.139999 35.139999 35.150002 35.150002 35.150002 35.150002 35.160000 35.180000 35.240002 35.299999 35.360001 35.450001 35.520000 35.590000 35.630001 35.610001 35.520000 35.299999 35.049999 35.000000 35.110001 35.270000 35.430000 35.560001 35.680000 35.770000 35.860001 35.959999 36.040001 36.110001 36.180000 36.240002 36.299999 36.360001 36.410000 36.470001 36.520000 36.570000 36.610001 36.660000 36.720001 36.750000 36.799999
35.049999 35.110001 35.160000 35.220001 35.250000 35.270000 35.270000 35.270000 35.250000 35.220001 35.160000 35.130001 35.090000 35.060001 35.049999 35.049999 35.060001 35.080002 35.110001 35.139999 35.160000 35.180000 35.200001 35.220001 35.250000 35.299999 35.340000 35.410000 35.470001 35.520000 35.560001 35.570000 35.520000 35.430000 35.250000 35.090000 35.060001 35.150002 35.290001 35.430000 35.560001 35.680000 35.770000 35.880001 35.959999 36.040001 36.110001 36.180000 36.250000 36.310001 36.360001 36.430000 36.480000 36.540001 36.590000 36.639999 36.680000 36.730000 36.770000 36.820000
34.840000 34.930000 35.049999 35.139999 35.200001 35.230000 35.240002 35.230000 35.200001 35.160000 35.090000 35.040001 34.990002 34.930000 34.930000 34.930000 34.959999 35.000000 35.060001 35.110001 35.150002 35.180000 35.220001 35.250000 35.299999 35.340000 35.389999 35.430000 35.480000 35.520000 35.540001 35.540001 35.500000 35.430000 35.320000 35.220001 35.200001 35.250000 35.340000 35.470001 35.590000 35.700001 35.799999 35.889999 35.970001 36.049999 36.110001 36.180000 36.250000 36.320000 36.380001 36.430000 36.500000 36.549999 36.590000 36.650002 36.700001 36.750000 36.799999 36.840000
34.610001 34.770000 34.930000 35.060001 35.139999 35.180000 35.200001 35.180000 35.150002 35.090000 35.020000 34.930000 34.860001 34.790001 34.770000 34.770000 34.830002 34.910000 34.990002 35.060001 35.130001 35.180000 35.230000 35.270000 35.320000 35.360001 35.400002 35.450001 35.480000 35.500000 35.520000 35.520000 35.500000 35.459999 35.389999 35.340000 35.330002 35.360001 35.430000 35.540001 35.630001 35.730000 35.820000 35.910000 35.990002 36.060001 36.139999 36.200001 36.270000 36.330002 36.389999 36.450001 36.500000 36.570000 36.610001 36.660000 36.720001 36.770000 36.820000 36.860001
34.410000 34.650002 34.840000 35.000000 35.090000 35.160000 35.160000 35.150002 35.110001 35.020000 34.930000 34.820000 34.700001 34.610001 34.570000 34.590000 34.660000 34.770000 34.900002 35.000000 35.090000 35.160000 35.220001 35.270000 35.320000 35.360001 35.410000 35.450001 35.490002 35.520000 35.520000 35.540001 35.520000 35.500000 35.470001 35.450001 35.450001 35.480000 35.520000 35.610001 35.680000 35.770000 35.840000 35.930000 36.000000 36.080002 36.150002 36.220001 36.270000 36.340000 36.410000 36.470001 36.520000 36.580002 36.639999 36.680000 36.740002 36.790001 36.840000 36.880001
34.320000 34.570000 34.799999 34.970001 35.080002 35.139999 35.150002 35.130001 35.070000 34.970001 34.840000 34.700001 34.540001 34.410000 34.340000 34.380001 34.500000 34.650002 34.810001 34.950001 35.060001 35.139999 35.209999 35.250000 35.310001 35.360001 35.410000 35.450001 35.490002 35.520000 35.540001 35.549999 35.549999 35.549999 35.540001 35.520000 35.540001 35.570000 35.610001 35.680000 35.740002 35.820000 35.889999 35.959999 36.020000 36.090000 36.160000 36.230000 36.299999 36.360001 36.410000 36.480000 36.540001 36.590000 36.660000 36.709999 36.750000 36.810001 36.860001 36.900002
34.340000 34.590000 34.810001 34.970001 35.080002 35.130001 35.139999 35.110001 35.040001 34.930000 34.770000 34.590000 34.400002 34.220001 34.139999 34.180000 34.330002 34.540001 34.750000 34.910000 35.020000 35.110001 35.180000 35.250000 35.299999 35.340000 35.400002 35.430000 35.480000 35.520000 35.549999 35.570000 35.580002 35.590000 35.590000 35.590000 35.610001 35.639999 35.680000 35.740002 35.799999 35.860001 35.910000 35.990002 36.060001 36.110001 36.180000 36.250000 36.310001 36.360001 36.430000 36.500000 36.560001 36.610001 36.680000 36.730000 36.790001 36.830002 36.880001 36.910000
34.480000 34.680000 34.860001 35.000000 35.090000 35.150002 35.150002 35.110001 35.020000 34.910000 34.750000 34.540001 34.320000 34.110001 -9999 34.060001 34.240002 34.490002 34.720001 34.889999 35.020000 35.090000 35.160000 35.220001 35.270000 35.320000 35.380001 35.430000 35.480000 35.520000 35.549999 35.580002 35.590000 35.610001 35.639999 35.650002 35.680000 35.709999 35.750000 35.790001 35.840000 35.900002 35.959999 36.020000 36.080002 36.139999 36.200001 36.250000 36.320000 36.389999 36.450001 36.500000 36.570000 36.639999 36.700001 36.750000 36.810001 36.860001 36.900002 36.930000
34.680000 34.830002 34.970001 35.080002 35.139999 35.180000 35.160000 35.130001 35.040001 34.910000 34.750000 34.560001 34.330002 34.139999 34.020000 34.080002 34.270000 34.500000 34.740002 34.910000 35.020000 35.090000 35.139999 35.180000 35.240002 35.290001 35.360001 35.410000 35.470001 35.520000 35.560001 35.590000 35.610001 35.650002 35.660000 35.700001 35.720001 35.750000 35.790001 35.840000 35.880001 35.930000 35.990002 36.040001 36.090000 36.160000 36.220001 36.270000 36.340000 36.400002 36.459999 36.520000 36.590000 36.650002 36.709999 36.770000 36.830002 36.880001 36.910000 36.950001
34.889999 34.990002 35.080002 35.150002 35.200001 35.209999 35.200001 35.150002 35.080002 34.959999 34.810001 34.630001 34.430000 34.270000 34.200001 34.240002 34.400002 34.610001 34.799999 34.930000 35.020000 35.070000 35.090000 35.139999 35.180000 35.250000 35.330002 35.400002 35.459999 35.520000 35.560001 35.610001 35.639999 35.660000 35.700001 35.730000 35.750000 35.799999 35.830002 35.860001 35.910000 35.970001 36.020000 36.070000 36.110001 36.160000 36.230000 36.290001 36.340000 36.400002 36.470001 36.520000 36.590000 36.660000 36.730000 36.790001 36.840000 36.900002 36.930000 36.970001
35.080002 35.139999 35.180000 35.230000 35.250000 35.250000 35.240002 35.200001 35.110001 35.020000 34.900002 34.750000 34.610001 34.490002 34.430000 34.470001 34.590000 34.740002 34.889999 34.990002 35.040001 35.049999 35.060001 35.090000 35.139999 35.220001 35.299999 35.380001 35.450001 35.500000 35.570000 35.610001 35.660000 35.680000 35.730000 35.750000 35.790001 35.830002 35.860001 35.910000 35.950001 35.990002 36.040001 36.090000 36.130001 36.180000 36.240002 36.290001 36.340000 36.410000 36.470001 36.520000 36.590000 36.660000 36.740002 36.810001 36.860001 36.910000 36.959999 36.980000
35.240002 35.250000 35.290001 35.310001 35.320000 35.320000 35.290001 35.250000 35.180000 35.090000 34.990002 34.880001 34.770000 34.700001 34.660000 34.680000 34.770000 34.860001 34.959999 35.020000 35.040001 35.020000 35.020000 35.040001 35.090000 35.180000 35.270000 35.360001 35.450001 35.500000 35.570000 35.630001 35.660000 35.709999 35.750000 35.790001 35.820000 35.860001 35.889999 35.930000 35.970001 36.000000 36.049999 36.090000 36.139999 36.180000 36.240002 36.290001 36.340000 36.400002 36.470001 36.520000 36.590000 36.660000 36.750000 36.820000 36.880001 36.930000 36.970001 36.990002
35.360001 35.360001 35.380001 35.389999 35.389999 35.360001 35.340000 35.299999 35.240002 35.160000 35.090000 35.000000 34.930000 34.880001 34.840000 34.860001 34.910000 34.970001 35.020000 35.049999 35.040001 35.000000 35.000000 35.020000 35.090000 35.180000 35.270000 35.360001 35.450001 35.520000 35.580002 35.639999 35.680000 35.730000 35.770000 35.810001 35.840000 35.880001 35.910000 35.950001 35.990002 36.020000 36.070000 36.110001 36.150002 36.180000 36.230000 36.270000 36.340000 36.389999 36.450001 36.520000 36.590000 36.660000 36.740002 36.820000 36.889999 36.930000 36.980000 36.990002
35.450001 35.459999 35.459999 35.459999 35.450001 35.430000 35.400002 35.360001 35.310001 35.240002 35.180000 35.110001 35.060001 35.020000 35.000000 35.000000 35.020000 35.060001 35.080002 35.080002 35.060001 35.020000 35.000000 35.040001 35.090000 35.180000 35.290001 35.380001 35.459999 35.520000 35.590000 35.650002 35.700001 35.740002 35.790001 35.820000 35.860001 35.900002 35.930000 35.970001 36.000000 36.040001 36.070000 36.110001 36.139999 36.180000 36.220001 36.270000 36.320000 36.360001 36.430000 36.500000 36.570000 36.650002 36.730000 36.810001 36.880001 36.930000 36.970001 36.990002
35.520000 35.540001 35.540001 35.520000 35.520000 35.490002 35.459999 35.410000 35.360001 35.310001 35.250000 35.200001 35.160000 35.110001 35.110001 35.090000 35.110001 35.110001 35.130001 35.110001 35.090000 35.080002 35.070000 35.090000 35.150002 35.230000 35.320000 35.400002 35.480000 35.549999 35.610001 35.660000 35.720001 35.750000 35.799999 35.840000 35.880001 35.910000 35.950001 35.980000 36.000000 36.040001 36.070000 36.090000 36.130001 36.160000 36.200001 36.240002 36.290001 36.340000 36.400002 36.470001 36.540001 36.610001 36.709999 36.790001 36.860001 36.910000 36.959999 36.980000
35.590000 35.610001 35.610001 35.610001 35.590000 35.560001 35.500000 35.470001 35.410000 35.360001 35.320000 35.270000 35.230000 35.200001 35.180000 35.180000 35.180000 35.180000 35.180000 35.160000 35.160000 35.139999 35.150002 35.160000 35.220001 35.290001 35.360001 35.430000 35.500000 35.570000 35.630001 35.680000 35.730000 35.770000 35.820000 35.840000 35.889999 35.910000 35.959999 35.990002 36.000000 36.040001 36.060001 36.090000 36.110001 36.139999 36.160000 36.200001 36.240002 36.290001 36.340000 36.410000 36.500000 36.580002 36.660000 36.750000 36.830002 36.889999 36.930000 36.970001
35.650002 35.680000 35.680000 35.680000 35.660000 35.610001 35.570000 35.520000 35.459999 35.410000 35.360001 35.320000 35.270000 35.250000 35.240002 35.230000 35.230000 35.230000 35.220001 35.220001 35.220001 35.209999 35.220001 35.250000 35.290001 35.340000 35.410000 35.470001 35.540001 35.590000 35.650002 35.700001 35.750000 35.790001 35.830002 35.860001 35.900002 35.930000 35.959999 35.990002 36.000000 36.020000 36.049999 36.070000 36.090000 36.090000 36.110001 36.150002 36.180000 36.230000 36.290001 36.360001 36.430000 36.520000 36.610001 36.709999 36.790001 36.860001 36.910000 36.950001
35.709999 35.750000 35.770000 35.770000 35.740002 35.680000 35.610001 35.560001 35.500000 35.430000 35.389999 35.340000 35.320000 35.290001 35.270000 35.250000 35.250000 35.250000 35.250000 35.270000 35.270000 35.270000 35.290001 35.320000 35.360001 35.400002 35.459999 35.500000 35.570000 35.610001 35.660000 35.720001 35.750000 35.799999 35.840000 35.880001 35.910000 35.930000 35.970001 35.990002 36.000000 36.020000 36.020000 36.040001 36.049999 36.049999 36.060001 36.070000 36.090000 36.139999 36.200001 36.270000 36.360001 36.459999 36.560001 36.650002 36.740002 36.820000 36.880001 36.930000
35.750000 35.830002 35.860001 35.860001 35.820000 35.750000 35.660000 35.590000 35.520000 35.459999 35.410000 35.360001 35.330002 35.299999 35.290001 35.270000 35.270000 35.270000 35.290001 35.299999 35.310001 35.330002 35.340000 35.380001 35.410000 35.450001 35.500000 35.549999 35.590000 35.650002 35.680000 35.740002 35.770000 35.820000 35.840000 35.889999 35.910000 35.950001 35.970001 35.990002 36.000000 36.000000 36.000000 36.000000 36.000000 35.990002 35.980000 35.980000 35.990002 36.020000 36.090000 36.160000 36.270000 36.380001 36.490002 36.590000 36.680000 36.770000 36.840000 36.910000
35.810001 35.900002 35.950001 35.930000 35.880001 35.790001 35.700001 35.610001 35.520000 35.459999 35.400002 35.340000 35.320000 35.290001 35.270000 35.270000 35.270000 35.290001 35.310001 35.320000 35.340000 35.360001 35.389999 35.410000 35.450001 35.490002 35.540001 35.580002 35.610001 35.660000 35.709999 35.750000 35.790001 35.830002 35.860001 35.900002 35.910000 35.950001 35.970001 35.980000 35.990002 35.990002 35.980000 35.959999 35.930000 35.910000 35.880001 35.860001 35.860001 35.889999 35.950001 36.040001 36.160000 36.270000 36.410000 36.520000 36.639999 36.740002 36.830002 36.900002
35.820000 35.930000 35.990002 35.980000 35.910000 35.810001 35.709999 35.610001 35.520000 35.430000 35.380001 35.320000 35.270000 35.250000 35.240002 35.240002 35.250000 35.270000 35.299999 35.330002 35.360001 35.389999 35.410000 35.450001 35.490002 35.520000 35.570000 35.610001 35.650002 35.680000 35.730000 35.770000 35.799999 35.840000 35.860001 35.900002 35.930000 35.950001 35.970001 35.980000 35.980000 35.970001 35.950001 35.910000 35.860001 35.810001 35.750000 35.709999 35.680000 35.709999 35.770000 35.889999 36.020000 36.180000 36.330002 36.470001 36.590000 36.709999 36.799999 36.889999
35.770000 35.900002 35.970001 35.959999 35.889999 35.790001 35.680000 35.590000 35.490002 35.400002 35.330002 35.250000 35.209999 35.180000 35.160000 35.180000 35.200001 35.240002 35.270000 35.320000 35.360001 35.400002 35.430000 35.470001 35.500000 35.549999 35.590000 35.630001 35.660000 35.700001 35.740002 35.770000 35.810001 35.840000 35.880001 35.910000 35.930000 35.950001 35.970001 35.970001 35.970001 35.950001 35.910000 35.860001 35.799999 35.709999 35.610001 35.540001 35.490002 35.500000 35.580002 35.720001 35.889999 36.070000 36.250000 36.410000 36.549999 36.680000 36.790001 36.889999
