script/test/IDeficitGrid.asc
ncols         249
nrows         224
xllcorner     -352000
yllcorner     2498000
cellsize      2000
NODATA_value  -9999
[rows 26 to 51 of 224, columns 116 to 173 of 249]
0.0502875596284866 0 0 0 0 0 0 0 0 0 0 0 0 0 0 0 0 0 0 0 0 0 0 0 0 0 0 0 0 5.83299588470254E-05 9.88423153103213E-07 1.01443438325077E-05 0 0.213426008820534 0.960474014282227 0.0783975571393967 13.8968391418457 2.94217205047607 1.33344006538391 2.47054815292358 1.57050013542175 1.18610878416803E-05 1.01443438325077E-05 0.000107530082459562 8.59928404679522E-05 0.000105501239886507 0 0.0818739607930183 0 0.109176479279995 3.3132598400116 0 5.07217191625386E-06 0 0 0 8.11547943158075E-06 0.000122746801935136
0.312023997306824 0.483788371086121 0 0 0 0 0 0 0 0 0 0 0 0 0 0 0 0 0 0 0 0 0 0 0 0 0 0 0.409450521271705 0.284655600786209 0.596422791481018 0.138863995671272 0.669898748397827 0.0510080382227898 0.0497430041432381 3.01468789984938E-05 0.00111741235014051 0.0552884414792061 0.148352399468422 0.789792001247406 1.31623196601868 0.528930008411407 1.48339200019836 0.623204350471497 0.306374400854111 0.832866072654724 3.1450560092926 2.63259601593018 0.28785839676857 0.344241589307785 1.19077086448669 0.263916015625 0.302327990531921 0.0385940410196781 0.125957995653152 7.16427612304688 7.8696117401123 0.000237222004216164
1.37698793411255 20.6175594329834 0.00711283846442611 0 0 0 0 0 0 0 0 0 0 0 0 0 0 0 0 0 0 0 0 0 0 0 0 0 0.0633457170154117 0.213812410831451 0.537908375263214 0.89212441444397 0.216742813587189 0.281530797481537 0.218039989471436 0.112970516085625 0.0965006351470947 0.301999181509018 1.15590846538544 1.56448793411255 0.339255601167679 0.727154433727264 0.276290386915207 0.251157611608505 0.346844404935837 0.255070805549622 1.40872800350189 0.729412794113159 0.0413191206753254 0.0731529593467712 0.0978046804666519 0.468782424926758 0.408212423324585 0.0466649979352951 0.0391521602869034 0.00968161225318909 0.0149253606796265 0.0147590395063162
18.8759994506836 0.607857584953308 0 0 0 0 0 0 0 0 0 0 0 0 0 0 0 0 0 0 0 0 0 0 0 0 0 0 0.266887187957764 1.08945596218109 0.418234795331955 0.279937207698822 0.315232813358307 0.148017600178719 0.202100396156311 0.757441163063049 0.224974796175957 0.114472806453705 0.0869669988751411 0.160272002220154 0.454658389091492 6.8013482093811 2.05172395706177 0.562508404254913 0.538745999336243 0.252904802560806 0.101079240441322 0.102356404066086 0.05274323746562 0.0828914418816566 0.550668001174927 0.348652780056 0.0168801601976156 0.00161092798225582 0.00249450001865625 0.0215229596942663 0.0159357599914074 0.0580215603113175
0.0630369558930397 0.147289201617241 0 0 0 0 0 0 0 0 0 0 0 0 0 0 0 0 0 0 0 0 0 0 0 0 0 0.0042313660194285 0.996505200862885 0.434434801340103 0.730742394924164 0.422852396965027 0.16680720448494 0.307430386543274 0.499285221099854 0.132635995745659 0.250880390405655 0.124318800866604 0.136166393756866 2.65820407867432 0.275628000497818 0.321294009685516 4.37602806091309 0.573852002620697 0.137722805142403 1.08122038841248 0.220960795879364 0.82978081703186 0.297033607959747 1.00811886787415 0.293733596801758 0.731654405593872 0.0318968407809734 0.00518173212185502 0.0399940796196461 0.0438592806458473 0.0986994057893753 0.275737226009369
4.02526807785034 0.844614028930664 0 0 0 0 0 0 0 0 0 0 0 0 0 0 0 0 0 0 0 0 0 0 0 0 0 0.000751668922188917 0.374143183231354 0.295863598585129 4.17269992828369 0.30666720867157 0.469329595565796 0.331659585237503 0.690380394458771 0.269675999879837 0.396110415458679 0.226855203509331 0.362357974052429 0.707910001277924 0.287551194429398 0.190892398357391 0.332567989826202 0.560333967208862 0.46379280090332 1.33761596679688 0.401605188846588 1.11228001117706 0.685347557067871 1.54541993141174 0.489693582057953 0.678897619247437 0.217209607362747 0.0797361582517624 0.393855631351471 0.676489174365997 0.971727609634399 8.22676753997803
6.49862384796142 10.1957159042358 0 0 0 0 0 0 0 0 0 0 0 0 0 0 0 0 0 0 0 0 0 0 0 0 0 0 0 0.19586880505085 0.76401960849762 0.201411589980125 0.62389200925827 0.504966020584106 0.537484765052795 0.725224792957306 0.13948680460453 0.178295999765396 0.147617995738983 0.622641623020172 0.290557205677032 0.0819655209779739 0.544843196868896 0.209921985864639 1.00881242752075 0.542798399925232 0.336325198411942 0.768604755401611 0.76143479347229 0.778969168663025 0.769429206848145 0.550755620002747 0.355027198791504 1.18451166152954 1.0262063741684 0.294238805770874 0.706893563270569 0.279945611953735
0.136226400732994 0.516813635826111 0 0 0 0 0 0 0 0 0 0 0 0 0 0 0 0 0 0 0 0 0 0 0 0 0 0 0 0.215533196926117 0.491976022720337 0.164109587669373 0.166620001196861 0.624296426773071 0.499796390533447 0.43332839012146 0.414452373981476 0.128300398588181 0.346823990345001 0.376027196645737 0.347921997308731 1.22977197170258 1.34788799285889 4.23893976211548 0.974242806434631 1.05717599391937 0.792697191238403 0.74954879283905 0.443631589412689 0.616267204284668 1.42552804946899 1.65333604812622 1.05595803260803 1.00989603996277 0.820621252059937 1.29021596908569 1.73258399963379 0.925930857658386
2.30805611610413 6.48403215408325 0 0 0 0 0 0 0 0 0 0 0 0 0 0 0 0 0 0 0 0 0 0 0 0 0 0 0 0.414232790470123 0.257027983665466 0.0491073578596115 0.486397206783295 0.292988389730453 1.46284794807434 0.691635608673096 0.331574410200119 0.1361064016819 0.454677611589432 0.107595846056938 1.01945996284485 0.9401615858078 0.0475466400384903 1.11288726329803 3.31428003311157 2.59505987167358 4.75504779815674 1.30912804603577 1.03430032730103 0.263005197048187 0.537988781929016 0.276008397340775 1.03402078151703 1.36646401882172 1.18628644943237 1.11924839019775 1.36233592033386 1.46307599544525
0.531744003295898 0.616358399391174 0.000320992170153585 0 0 0 0 0 0 0 0 0 0 0 0 0 0 0 0 0 0 0 0 0 0 0 0 0 0 0.831400871276855 1.94726407527924 5.91922807693481 2.90019607543945 2.19939613342285 0.383097589015961 0.393988788127899 0.125031590461731 0.610816836357117 0.554623186588287 0.410188794136047 0.242030411958694 0.0781472399830818 0.16443720459938 0.0883846804499626 0.330330014228821 1.33220410346985 1.79628002643585 0.629485249519348 0.320648401975632 0.816289186477661 0.538872003555298 0.271490395069122 0.414142817258835 0.409907996654511 0.146134808659554 0.73451042175293 0.780157208442688 0.671641170978546
0.0892200022935867 2.59604406356811 8.26550388336181 0 0 0 0 0 0 0 0 0 0 0 0 0 0 0 0 0 0 0 0 0 0 0 0 0 0 5.98964405059815 5.05881595611572 1.22899198532104 0.195423603057861 0.596186399459839 0.123783603310585 0.583179593086243 0.0838537216186523 0.147748798131943 0.178971603512764 0.0928705185651779 0.217738807201385 0.423063635826111 0.106616042554379 0.120253197848797 0.206053197383881 1.51382398605347 1.48550403118134 0.703318774700165 0.401816427707672 0.587926805019379 0.609585583209991 0.560608804225922 0.259635597467422 0.479121625423431 0.127169996500015 0.848869204521179 0.219373196363449 4.74776363372803
0.600899994373322 0.708986401557922 0.6971435546875 0 0 0 0 0 0 0 0 0 0 0 0 0 0 0 0 0 0 0 0 0 0 0 0 0 0 0 0.287277579307556 0.62320077419281 0.1058349609375 0.256005614995956 0.133747205138206 0.504791975021362 0.194974809885025 0.135437995195389 0.349939197301865 0.0682293623685837 0.0649106353521347 0.438651591539383 0.207826808094978 0.417556822299957 1.12357079982758 0.739689588546753 0.745309233665466 0.492454767227173 0.326683193445206 0.772167563438416 0.86144882440567 0.273627609014511 0.3535236120224 0.210202798247337 1.29978001117706 0.9749915599823 0.626858413219452 0.535950005054474
0.807887971401214 0.210591614246368 0.495488405227661 0 0 0 0 0 0 0 0 0 0 0 0 0 0 0 0 0 0 0 0 0 0 0 0 0 0 0 0.149133607745171 0.160674005746841 0.23217000067234 0.355749607086182 0.197187602519989 0.216386407613754 0.19902840256691 0.653334021568298 0.281217575073242 0.461523592472077 0.406360805034637 0.310609191656113 0.309849590063095 0.353230774402618 1.05867838859558 0.635475635528564 0.400173604488373 0.192404389381409 0.30883800983429 1.10661959648132 0.420860409736633 0.776793599128723 0.157800003886223 0.313628405332565 0.616030812263489 1.03343272209167 0.308673590421677 0.202028408646584
0.232821598649025 0.0621584393084049 0.201095998287201 0 0 0 0 0 0 0 0 0 0 0 0 0 0 0 0 0 0 0 0 0 0 0 0 0 0 0 1.10744643211365 0.0907929614186287 0.469103991985321 0.279478788375854 0.307065606117249 0.400137603282928 0.329555988311768 0.183034807443619 0.111027836799622 0.181547999382019 0.256869584321976 0.589921236038208 0.250453174114227 0.168996006250381 1.33850407600403 0.811787962913513 0.830520033836365 0.706183195114136 0.555601179599762 1.24591207504272 1.12494003772736 0.422259569168091 0.287504404783249 0.628550410270691 1.9350118637085 0.803942441940308 0.99885356426239 0.147168010473251
0.0415091998875141 0.172646403312683 0.0727089568972588 0 0 0 0 0 0 0 0 0 0 0 0 0 0 0 0 0 0 0 0 0 0 0 0 0 0 0 0 0.202897191047668 0.197531998157501 0.809176802635193 1.02364313602448 0.257562011480331 0.250967979431152 0.122177995741367 0.107495039701462 0.203291997313499 0.354321599006653 1.8121440410614 0.348543614149094 0.517222762107849 1.62190794944763 0.382659584283829 1.46849989891052 0.78096604347229 0.370974004268646 0.271274387836456 0.844700396060944 0.197259604930878 0.156664803624153 0.175995603203773 0.114529676735401 0.105715803802013 0.102727800607681 0.190570801496506
0.0864855647087097 0.802111208438873 0.0813137963414192 0 0 0 0 0 0 0 0 0 0 0 0 0 0 0 0 0 0 0 0 0 0 0 0 0 0 0 0 0.194602802395821 0.397474825382233 0.410560816526413 0.813645601272583 0.354036003351212 0.525312006473541 0.173173204064369 0.103089600801468 0.33372962474823 0.407514005899429 0.605204403400421 0.529067993164063 1.25268006324768 1.20843601226807 1.15317595005035 1.07794082164764 0.710881173610687 0.361378788948059 0.375512391328812 0.465704381465912 0.535285174846649 0.483482390642166 0.996075630187988 0.242356806993485 0.0759975612163544 0.283228814601898 0.0982720851898193
0.282698392868042 2.00652003288269 0.192744016647339 0.123755991458893 0 0 0 0 0 0 0 0 0 0 0 0 0 0 0 0 0 0 0 0 0 0 0 0 0 0 0 0.561606406300507 0.936848402023315 3.38424015045166 1.14766442775726 0.357790797948837 0.331609189510345 0.109324082732201 2.07097196578979 0.775240838527679 0.392956793308258 0.237762004137039 0.661443591117859 1.85342395305634 2.98497605323792 0.539687991142273 0.636008381843567 0.59041440486908 0.713612377643585 1.56694793701172 1.47622799873352 0.11347596347332 0.195076793432236 0.127718403935432 0.119889959692955 0.113619238138199 0.766720771789551 0.151046395301819
0.1498703956604 0.246943205595016 0.303521990776062 0.0658713579177856 0 0 0 0 0 0 0 0 0 0 0 0 0 0 0 0 0 0 0 0 0 0 0 0 0 0 0 0 0.356675982475281 0.847221612930298 2.22828006744385 2.92918801307678 4.49028015136719 1.2661679983139 1.60257601737976 1.0124351978302 0.756628811359406 1.61927998065948 0.829996824264526 0.232783198356628 0.0867761969566345 0.144125998020172 0.122331596910954 0.142597198486328 0.217538386583328 0.367827594280243 0.0818274021148682 0.0738777592778206 0.102691203355789 0.071917325258255 0.0410835593938828 0.249856799840927 0.823920011520386 0.181934401392937
0.190661996603012 0.215671196579933 1.327103972435 0.572559595108032 0 0 0 0 0 0 0 0 0 0 0 0 0 0 0 0 0 0 0 0 0 0 0 0 0 0 0 0 0.104179434478283 0.123162001371384 0.201587989926338 1.70657992362976 1.85043597221374 4.12224006652832 4.33522796630859 0.817202389240265 0.606195569038391 1.32885599136353 0.504790782928467 1.02788281440735 0.540568768978119 0.264272391796112 0.385675191879272 0.114998884499073 0.383840382099152 0.166593596339226 0.0595412403345108 0.161889597773552 0.0599815174937248 0.308021992444992 0.620657980442047 0.546498000621796 0.357350409030914 0.159182399511337
0.231618002057075 1.51121997833252 1.29060006141663 0.427069187164307 0.247217997908592 0 0 0 0 0 0 0 0 0 0 0 0 0 0 0 0 0 0 0 0 0 0 0 0 0 0 0 0.274370402097702 0.184349998831749 0.304562389850616 0.154592394828796 0.345265209674835 1.04690289497375 0.669217169284821 0.963949203491211 0.574692010879517 0.392769575119019 0.242385596036911 0.426216006278992 2.12872791290283 1.03914475440979 0.192346796393394 0.506086826324463 0.288745224475861 0.166581600904465 0.144587993621826 0.241690784692764 0.634476006031036 2.29816794395447 0.186035990715027 0.345469176769257 0.281011193990707 0.29631119966507
51.9163208007813 0.530440807342529 17.5989608764648 0.099642351269722 0.180483594536781 0.000499976337246188 0 0 0 0 0 0 0 0 0 0 0 0 0 0 0 0 0 0 0 0 0 0 0 0 0 0 0.130941599607468 0.0979461595416069 0.850507199764252 0.0712021216750145 0.291795611381531 12.1730403900146 0.792154788970947 1.17792963981628 0.143089205026627 0.379426807165146 0.0687188357114792 0.209235593676567 1.5110160112381 0.110991358757019 0.077322244644165 0.199154406785965 0.157992005348206 0.155787587165833 0.785956799983978 0.809981942176819 0.683300375938416 1.18028163909912 0.342655181884766 0.358105182647705 0.374666392803192 1.12440240383148
0.374301612377167 0.331832408905029 59 0.200659215450287 1.19430720806122 2.1230249224711E-05 0 0 0 0 0 0 0 0 0 0 0 0 0 0 0 0 0 0 0 0 0 0 0 0 0 0 0.0541281625628471 0.253686010837555 0.0501382797956467 0.101414524018765 2.04939603805542 26.5058403015137 0.751273274421692 0.740835607051849 0.164588406682014 0.137752801179886 0.246808797121048 0.140925601124763 0.640436410903931 0.503191232681274 0.233391582965851 0.86867880821228 1.24612808227539 1.06751644611359 1.12280035018921 0.967802405357361 1.32220792770386 0.371462404727936 0.434241592884064 0.0751409977674484 0.0146221201866865 0.0967263579368591
0.140487611293793 0.614351987838745 0.397848010063171 0.0769961997866631 0 0 0 0 0 0 0 0 0 0 0 0 0 0 0 0 0 0 0 0 0 0 0 0 0 0 0 0 0.223642796278 0.224115595221519 0.105317518115044 0.183278411626816 3.92501974105835 1.32634794712067 1.57659602165222 0.310810804367065 0.157891198992729 0.492268800735474 0.102879121899605 0.515763580799103 0.816739201545715 1.64252400398254 1.94708395004272 0.366694808006287 0.220591187477112 0.767932772636414 0.13292521238327 0.149059191346169 0.160550400614738 0.0606941990554333 0.238127991557121 0.0645262822508812 0.177204012870789 0.130348801612854
0.26855880022049 0.344161182641983 0.14679479598999 0.0628843158483505 0 0 0 0 0 0 0 0 0 0 0 0 0 0 0 0 0 0 0 0 0 0 0 0 0 0 0 0 0.129065990447998 0.0541550405323505 0.114911168813705 0.220477193593979 0.555122375488281 1.44387602806091 3.56768417358398 0.434307634830475 0.091862641274929 0.0647635161876678 4.43190002441406 3.17851209640503 1.05284404754639 0.118996202945709 0.07488863915205 0.253858804702759 0.245756387710571 0.206373602151871 0.0549285635352135 0.291063606739044 0.150806397199631 0.113536551594734 0.09952512383461 0.102116048336029 0.0282509997487068 0.037970282137394
0.395818829536438 0.732218384742737 1.76418006420135 0.0385957211256027 0 0 0 0 0 0 0 0 0 0 0 0 0 0 0 0 0 0 0 0 0 0 0 0 0 0 0 0.131667599081993 0.0870517194271088 0.0555494427680969 0.432919204235077 0.799954771995545 1.39067995548248 4.34956836700439 0.303679198026657 1.37203192710876 0.19524958729744 2.54824805259705 8.98482036590576 4.76012372970581 0.844711184501648 0.232041597366333 0.167167201638222 0.109031409025192 0.0391574427485466 0.159534007310867 0.11161008477211 0.0741297602653503 0.127118408679962 0.0438692420721054 0.0919229984283447 0.0237586796283722 0.0133063197135925 0.0258194413036108
1.21478402614593 0.515607595443726 4.35505199432373 0.297798007726669 0 0 0 0 0 0 0 0 0 0 0 0 0 0 0 0 0 0 0 0 0 0 0 0 0 0 0 0.25087559223175 0.092253714799881 0.0452240407466888 0.349827587604523 0.0508201196789742 1.63416004180908 1.19885993003845 0.40788596868515 0.436684817075729 1.16606998443603 2.34703207015991 2.36997604370117 2.77609205245972 0.140160009264946 0.106711439788342 0.211667999625206 0.181107610464096 0.235962003469467 0.258836418390274 0.00686468370258808 0.02253407984972 0.0252188388258219 0.0771021619439125 0.0572140775620937 0.0152316000312567 0.0146271605044603 0.918507635593414
