script/test/IDeficitGrid.asc
ncols         249
nrows         224
xllcorner     -352000
yllcorner     2498000
cellsize      2000
NODATA_value  -9999
[rows 182 to 207 of 224, columns 116 to 173 of 249]
4.74296426773071 4.33569622039795 3.4885561466217 0.776671171188354 0.700959622859955 0.703586399555206 0.927883207798004 0.663344383239746 1.83330011367798 8.14900779724121 2.37409210205078 2.05455589294434 1.80099606513977 1.36092007160187 0.675205230712891 4.71159601211548 3.0754919052124 1.56805193424225 2.3053081035614 0.159348011016846 0.0330548398196697 0.0282604806125164 0.102470874786377 0.534838795661926 0.133747205138206 0 0 0 0 0 0 0 0 0 0 0 0 0 0 0 0 0 0 0 0 0 0 0 0 0.961709976196289 2.48393988609314 3.29949617385864 1.31445598602295 8.31573677062988 10.1160955429077 9.68276405334473 6.19444799423218 10.1903524398804
4.10433578491211 7.61716842651367 4.51302003860474 4.77998399734497 0.620272815227509 0.109908722341061 2.08798789978027 1.68210005760193 3.49291205406189 4.65607213973999 4.21098041534424 2.47145986557007 2.73454809188843 2.24493598937988 3.03524398803711 1.04063391685486 0.493569612503052 1.53422391414642 5.88186025619507 0.154850393533707 0.109004035592079 0.0258046798408031 0.348870009183884 0.339346796274185 0.582249581813812 0.0180291326214694 0 0 0 0 0 0 0 0 0 0 0 0 0 0 0 0 0 0 0 0 0 0 0.171496501418045 0.734967589378357 0.185859590768814 1.3953720331192 1.27869606018066 12.8850002288818 1.59889197349548 1.16661727428436 10.7044076919556 6.78817176818848
2.52311992645264 14.9683198928833 9.27292823791504 3.89066410064697 2.7039840221405 0.620116829872131 0.898281633853912 1.41463196277618 2.33683204650879 1.98256802558899 8.69474411010742 2.13261604309082 3.93040800094605 2.69537997245789 2.42126417160034 2.43794393539429 1.70470798015594 2.21204400062561 0.642063617706299 6.70383596420288 5.02888774871826 0.829000830650329 0.0495627596974373 0.122877605259418 0.067858561873436 0 0 0 0 0 0 0 0 0 0 0 0 0 0 0 0 0 0 0 0 0 0 0 0 0.189796805381775 1.28218793869019 2.98559999465942 1.8131160736084 3.52161598205566 7.48651170730591 6.80551147460938 5.08890008926392 7.88972425460815
0.944491147994995 5.83987236022949 18.8835601806641 4.08934783935547 0.795610785484314 0.33001920580864 0.633965969085693 1.3529280424118 1.4491800069809 1.92091202735901 5.89690780639648 5.78228378295898 2.11923599243164 2.69233202934265 3.14608812332153 2.50136399269104 4.29328775405884 1.6833598613739 0.631903171539307 0.38443797826767 3.01313996315002 6.94445991516113 3.95907592773437 0.0304617621004581 0.353732407093048 0.117600843310356 0 0 0 0 0 0 0 0 0 0 0 0 0 0 0 0 0 0 0 0 0 0 0.169240802526474 0.0337406396865845 0.477760791778565 2.18553590774536 2.56222820281982 6.45247220993042 3.24351596832275 7.13845157623291 5.18728828430176 13.724760055542
3.40350008010864 3.89646005630493 16.010160446167 3.23566770553589 2.56507205963135 0.737587213516235 1.39631998538971 4.53097200393677 3.14401197433472 4.68577194213867 3.57230401039124 4.52771997451782 2.96996402740479 1.19129753112793 2.54617214202881 5.89637994766235 3.73121976852417 2.61249613761902 1.45719599723816 2.20627188682556 0.296462386846542 0.100377358496189 2.94746398925781 3.28037977218628 2.58001208305359 3.21838808059692 0.41574969767986 0 0 0 0 0 0 0 0 0 0 0 0 0 0 0 0 0 0 0 0 0 0.520327210426331 0.248301610350609 0.387757211923599 2.38725590705872 2.51344799995422 9.24062442779541 3.42578387260437 3.70843172073364 5.71429204940796 4.91421604156494
5.86380004882813 8.38381195068359 28.8499202728271 2.98954796791077 1.60921204090118 3.21824383735657 13.1575202941895 9.80813980102539 1.17262315750122 0.946505963802338 5.79158401489258 0.744196832180023 1.27249193191528 3.46900796890259 2.39056801795959 5.62465190887451 3.2270040512085 2.43415212631226 1.32759594917297 1.71231603622437 1.9536600112915 1.41936004161835 4.08206367492676 1.69293594360352 1.69360792636871 2.88020396232605 3.09422397613525 0 0 0 0 0 0 0 0 0 0 0 0 0 0 0 0 0 0 0 0 0.147920399904251 0.186630010604858 0.141287997364998 4.34943628311157 1.61264395713806 3.21975588798523 8.01039600372314 5.77782011032104 4.60774803161621 1.98413991928101 3.4522557258606
9.63525581359863 5.10729598999023 14.5305604934692 2.63302803039551 2.91730809211731 2.5793399810791 3.46868371963501 3.64104008674622 1.69347596168518 1.74261593818665 1.20563995838165 51.6704406738281 40.7990417480469 2.12671208381653 2.47321200370789 3.18269991874695 6.25979995727539 2.75097608566284 3.48128414154053 1.43798398971558 2.46994781494141 3.99298810958862 10.3517398834228 3.01401615142822 0.239294394850731 0.122751593589783 0.0536728799343109 0.196287602186203 0.000740754197450247 0 0 0 0 0 0 0 0 0 0 0 0 0 0 0 0 0 0.29131081700325 1.05750834941864 1.59602403640747 0.12357959151268 0.0979299545288086 0.418606817722321 1.81380009651184 2.49577212333679 4.27144813537598 4.09388399124145 1.37835597991943 0.990522027015686
8.68558788299561 4.96219205856323 5.10786008834839 3.60904812812805 3.11632823944092 2.94153594970703 2.0181360244751 0.704367578029633 2.34906005859375 2.68540811538696 1.40428793430328 5.60139560699463 38.1878433227539 1.47304797172546 2.15829610824585 4.02723598480225 6.70960807800293 5.89797592163086 1.7137439250946 0.821516394615173 0.220292389392853 0.394638001918793 0.827943563461304 0.936056435108185 0.313882797956467 0.985056042671204 0.133668005466461 0.0807873606681824 0.285691201686859 0 0 0 0 0 0 0 0 0 0 0 0 0 0 0 1.01612235534063 1.03548240661621 0.203665196895599 0.359560787677765 0.252607196569443 0.284203201532364 0.0406088382005692 0.199408799409866 2.91175198554993 1.92602396011353 13.4991607666016 17.4067192077637 10.5071392059326 8.9798641204834
7.61496019363403 5.76123571395874 8.43504047393799 6.84794425964355 2.1343560218811 2.23523998260498 4.37210416793823 4.98948001861572 1.26601207256317 1.64200794696808 1.71593999862671 0.952237248420715 1.33628404140472 1.80887997150421 3.0872278213501 2.1586320400238 1.76341199874878 1.3555920124054 6.50670003890991 2.09746789932251 0.897363603115082 2.89344000816345 1.30142402648926 8.46492004394531 3.26811599731445 1.1215991973877 0.189543604850769 0.316221594810486 0.41604483127594 1.38045597076416 0 0 0 0 0 0 0 0 0 0 0 0 0 0.358020872242538 1.87205994129181 1.46741998195648 1.14025676250458 0.614296793937683 0.86144757270813 0.579472780227661 0.124175995588303 0.0269992798566818 0.199390798807144 2.75782799720764 7.57048797607422 9.5654764175415 2.34728407859802 59
10.8744716644287 3.24364805221558 3.03428411483765 3.16605591773987 2.8729681968689 2.26089596748352 3.94885182380676 2.82360005378723 2.57015991210938 1.80776405334473 3.72658777236939 0.595581591129303 1.81764006614685 2.75956797599792 21.5714416503906 3.98219990730286 24.0673198699951 18.3379192352295 13.6978797912598 1.94093990325928 6.82623624801636 9.73533630371094 11.1931438446045 16.503719329834 5.67652797698975 1.13954281806946 0.253614008426666 0.718804776668549 0.0398114398121834 0.337583988904953 0.468319177627563 0.833900392055511 0 0.0609576340885971 0.0330953294665512 0 0 0 0 0 0.0128352603441342 0 1.25871598720551 1.92827987670898 1.06574046611786 1.47101998329163 0.669699549674988 0.187239602208137 0.280154407024384 0.44470801949501 0.174465596675873 0.102993719279766 0.0442942790687084 2.07301187515259 6.55024766921997 4.16740798950195 3.52520418167114 2.49347996711731
9.33152389526367 4.57082366943359 2.84684419631958 2.17206001281738 11.6270637512207 59 28.0948791503906 6.55603218078613 4.37606430053711 1.59960007667542 0.679285228252411 0.535055994987488 5.91460800170898 3.52483224868774 14.7758407592773 2.41311597824097 43.8196792602539 34.1879997253418 16.1002788543701 7.55840396881104 2.1636118888855 12.2785205841064 50.8668022155762 3.3270959854126 2.69384407997131 4.46643590927124 1.48243200778961 0.377804398536682 0.474572420120239 0.169798791408539 0.221301600337028 0.614625573158264 0.473010003566742 1.40047192573547 1.36512005329132 0.944889545440674 1.18002128601074 2.91302394866943 0.157064408063889 0.360981583595276 1.73384392261505 1.89885592460632 0.536414384841919 0.567532777786255 0.217101603746414 1.07641923427582 0.93324601650238 0.280916392803192 0.581827163696289 1.20139193534851 0.211417198181152 0.0978346765041351 0.169645205140114 0.194312408566475 1.57946395874023 0.575408399105072 2.05887603759766 1.36737608909607
6.3432240486145 12.7636795043945 6.45240020751953 2.98716020584106 2.90277600288391 6.92330455780029 9.9706916809082 9.74529552459717 8.49444007873535 3.22054815292358 2.18085598945618 2.39043593406677 5.90463590621948 0.638920783996582 5.48952007293701 12.465479850769 12.0021600723267 16.4155197143555 40.9524002075195 27.5888385772705 13.4641199111938 28.9539604187012 20.024040222168 8.69242763519287 1.45627200603485 2.59563612937927 1.29094803333282 0.19718998670578 0.172190397977829 0.155013591051102 0.018805081024766 0.120348006486893 0.260067582130432 0.328057199716568 1.02136921882629 0.402040779590607 1.08576357364655 4.23087596893311 0.209890782833099 0.525218427181244 1.14622318744659 0.60974395275116 0.178183197975159 0.265386015176773 0.302912384271622 0.915085196495056 0.31227120757103 0.408249616622925 0.334185600280762 3.79292392730713 0.115406885743141 0.156373202800751 0.051223561167717 1.0053539276123 0.912032425403595 0.863793611526489 4.5 1.47339594364166
1.43188798427582 0.257787585258484 0.514408826828003 1.23368406295776 1.48122000694275 12.1577997207642 9.28922367095947 3.21823215484619 3.6489839553833 3.78549599647522 1.57597196102142 8.08065605163574 1.27492797374725 0.424262404441833 4.09606790542603 21.0907211303711 59 59 59 59 22.93284034729 29.848560333252 2.75889611244202 4.14892816543579 0.649136364459991 0.71506679058075 1.21290004253387 0.415819197893143 0.0713938772678375 0.29213759303093 0.131630405783653 0.176947191357613 0.246870011091232 0.402859210968018 0.579486012458801 2.75414419174194 0.273646801710129 3.7624077796936 0.313163995742798 0.29729038476944 0.838120758533478 0.348364800214767 0.277809590101242 0.87056040763855 0.510103166103363 0.702483594417572 2.1347279548645 0.334190398454666 0.331606805324554 1.20138001441956 0.285363584756851 0.0522782355546951 0.0756275951862335 0.394728004932404 0.956656813621521 4.3513560295105 1.7211480140686 4.41197967529297
0.0685767605900764 0.0779775604605675 0.629800796508789 0.0138196796178818 9.41375923156738 0.340904414653778 3.30773973464966 8.68871974945068 3.44375991821289 1.700364112854 1.59680390357971 2.64500379562378 0.935153961181641 5.11291217803955 2.99288392066956 59 59 59 59 59 26.9511604309082 57.1069221496582 4.29220771789551 5.94558000564575 2.61424779891968 2.3047080039978 0.927104353904724 0.972585618495941 0.447590410709381 0.249056398868561 0.275191187858581 0.413673609495163 0.280937999486923 0.225631207227707 0.108826920390129 0.154456809163094 1.7199239730835 3.06416416168213 0.378634810447693 0.0378322787582874 0.589684844017029 0.398844003677368 1.39293599128723 0.555139183998108 0.716002821922302 1.38907194137573 0.559624791145325 0.169091999530792 0.686882376670837 4.31031608581543 3.73605608940125 0.0535646416246891 0.30858239531517 0.0371100008487701 0.298004388809204 1.13558161258698 0.27269521355629 1.42400395870209
0.0417510010302067 0.225234001874924 0.687088787555695 0.135596394538879 0.13189560174942 2.22536420822144 0.151892393827438 0.555455982685089 0.139951199293137 0.95837277173996 2.17532396316528 17.5075206756592 26.9902801513672 0.224150389432907 17.9527206420898 -9999 -9999 59 59 59 59 26.1741600036621 8.5252799987793 5.36995220184326 4.97704792022705 1.45635604858398 1.674635887146 11.8910522460938 2.98779582977295 0.372037202119827 0.445299565792084 0.309613198041916 0.108154326677322 0.552551984786987 0.320610016584396 0.695273995399475 1.04148602485657 3.50486397743225 0.198265194892883 0.62879878282547 0.804075598716736 1.14227759838104 1.04837274551392 1.21708798408508 0.916311621665955 1.84019994735718 0.24137881398201 0.937818050384521 0.423406809568405 2.20405197143555 1.28654396533966 0.817299604415894 0.323089182376862 0.105991676449776 0.637586355209351 1.00182843208313 0.915570020675659 1.41466808319092
0.602028012275696 0.503914773464203 0.458128809928894 0.301109999418259 0.0464418008923531 0.0410254783928394 0.00324720004573464 0.343492805957794 0.290554821491241 6.61138772964478 0.281132400035858 2.00386810302734 0.374078392982483 1.50103187561035 7.39370346069336 -9999 -9999 59 59 59 59 3.64606809616089 3.14185190200806 10.3729438781738 15.0285606384277 4.79834365844727 4.591224193573 2.17768812179565 1.09601402282715 1.5443639755249 0.288164407014847 0.210253208875656 0.970255255699158 1.43583607673645 1.72803604602814 0.558179974555969 1.2389520406723 1.19673836231232 2.0786759853363 0.760766386985779 0.547798812389374 1.86353993415832 1.15596008300781 1.43319606781006 0.756499171257019 0.304285198450089 0.566678404808044 0.561224400997162 0.685767650604248 0.490404009819031 0.347463607788086 0.122852399945259 0.159884393215179 0.30764639377594 0.0560464784502983 1.0873715877533 0.789013147354126 1.52319598197937
0.140474408864975 0.180994808673859 0.474659979343414 0.354398399591446 0.122870400547981 0.0341797173023224 0.130149602890015 0.181068003177643 12.5740795135498 10.6692838668823 3.20638799667358 1.80746388435364 1.42269599437714 3.06632375717163 16.1330394744873 -9999 -9999 -9999 59 59 45.0240020751953 10.4615278244019 4.13733577728271 14.2608003616333 2.74371600151062 2.73489594459534 3.79475998878479 3.02742004394531 0.885213613510132 0.670160412788391 0.764341235160828 2.50492811203003 0.666332364082336 0.103767603635788 0.768283188343048 0.28986719250679 2.00224781036377 1.7075160741806 2.06726408004761 0.631544411182403 0.374966412782669 0.841457962989807 0.381343185901642 1.03393912315369 0.900237560272217 1.19499242305756 1.23918008804321 0.404327988624573 0.302330404520035 0.240032404661179 0.128760010004044 0.108164638280869 5.07762002944946 0.107845559716225 0.0842011198401451 2.54839205741882 1.1040575504303 1.15564560890198
0.199952393770218 0.142118394374847 1.05842041969299 2.37102007865906 0.263302803039551 0.0816417634487152 0 0.0472574383020401 0.119144283235073 1.28505599498749 1.7108039855957 2.19446396827698 3.07267212867737 4.40490007400513 -9999 -9999 -9999 -9999 -9999 1.67226004600525 14.5651206970215 7.97092819213867 6.98739624023437 4.11458396911621 8.63512802124023 3.45939588546753 2.16080403327942 0.435871213674545 0.186362400650978 0.679508447647095 12.8751602172852 8.87287139892578 8.35464000701904 10.4834518432617 0.693499207496643 0.823594808578491 2.80931997299194 2.27918410301209 0.397448390722275 0.904515624046326 0.402263998985291 0.584074795246124 0.820156812667847 0.840763211250305 1.53379201889038 2.47689580917358 0.297784805297852 0.211329594254494 0.293757617473602 0.239402398467064 0.249781206250191 0.157278001308441 2.34824395179749 0.275121599435806 0.400436401367188 2.70677995681763 3.63821983337402 5.9144401550293
0.190352395176888 1.08291244506836 3.21268796920776 1.35282003879547 0.857824802398682 0.398680806159973 0.365991592407227 0.0139930807054043 0.0592303201556206 0.147765606641769 0.275011211633682 2.51246404647827 2.08975195884705 3.5872917175293 -9999 -9999 -9999 -9999 -9999 -9999 11.6779317855835 25.6408805847168 32.4398422241211 5.0543041229248 10.0365724563599 2.27612400054932 1.77835202217102 1.66334402561188 0.490222781896591 2.33782815933228 5.74377632141113 3.10831189155579 0.405968368053436 0.55531919002533 0.763149619102478 0.309964776039124 5.40950393676758 2.93146800994873 0.257792413234711 0.470941185951233 0.17266920208931 1.10325002670288 0.280774801969528 1.15703284740448 2.23089599609375 3.38382005691528 2.10454797744751 0.701185166835785 0.221462398767471 0.222304791212082 0.370534777641296 0.65677797794342 0.35463359951973 0.204332411289215 0.167007595300674 8.80297183990479 7.61297988891602 4.00809621810913
0.351369619369507 0.380104780197144 6.63394832611084 6.16838407516479 1.85200786590576 1.63846802711487 0.258235186338425 0.21279838681221 1.83922791481018 0 -9999 -9999 -9999 -9999 -9999 -9999 -9999 -9999 -9999 2.52902388572693 6.17333984375 5.32288837432861 16.2672004699707 4.23849582672119 2.64925193786621 2.50400400161743 4.70809173583984 2.15975999832153 0.594410419464111 0.475250363349915 0.66359281539917 0.307516813278198 0.278248816728592 0.620903968811035 0.539561986923218 0.934841990470886 1.2720240354538 1.58061599731445 0.311424016952515 0.359681993722916 0.244079992175102 1.17358803749084 0.432896435260773 2.53957200050354 0.109814882278442 0.379393190145493 5.01985216140747 0.201490804553032 0.209503203630447 0.204011991620064 0.32869079709053 0.157554000616074 0.374666392803192 1.40020799636841 1.62256801128387 4.56482410430908 6.94672822952271 13.4810400009155
0.1758131980896 1.61620795726776 3.61083602905273 4.54063177108765 10.8072957992554 5.03655576705933 0.124772399663925 0.21255598962307 0.0248779188841581 -9999 -9999 -9999 -9999 -9999 -9999 -9999 -9999 -9999 -9999 3.6417121887207 2.15799593925476 6.74033975601196 1.88931608200073 6.06025171279907 1.79932808876038 2.82827997207642 4.71844816207886 0.728522419929504 0.690244793891907 2.62486791610718 8.54200839996338 4.16329193115234 0.941433668136597 2.99606394767761 0.265166401863098 0.366556823253632 0.914067625999451 2.45707201957703 0.270602405071259 0.55811882019043 0.566289603710175 1.58235597610474 2.39992809295654 1.63859987258911 0.245662808418274 0.667007982730865 3.22280406951904 0.346132785081863 0.131785199046135 0.0593545213341713 0.0590020790696144 0.0910694375634194 0.597696006298065 0.854924440383911 4.02851963043213 3.39162015914917 4.47512435913086 10.7677440643311
1.9102680683136 2.35058403015137 1.06287240982056 2.05618810653686 4.40738391876221 3.89227199554443 1.37863206863403 0.199892401695251 -9999 -9999 -9999 -9999 -9999 -9999 -9999 -9999 -9999 -9999 -9999 0.721548020839691 2.43865203857422 3.06374406814575 4.79996395111084 4.07077217102051 2.24236798286438 1.33540797233582 10.7666759490967 1.77157211303711 0.899726390838623 4.29813575744629 12.4139995574951 10.0866241455078 4.04331588745117 3.97448396682739 2.56515598297119 0.477950394153595 8.00623165559955E-05 2.28303599357605 0.357795596122742 0.316556394100189 2.21830797195435 3.04614019393921 1.78710007667542 0.578501999378204 0.897118806838989 1.19720995426178 1.43733596801758 0.308955609798431 0.177455991506577 0.0665999948978424 0.0343279205262661 0.119157001376152 0.427747189998627 0.759891629219055 4.06142425537109 8.2287483215332 6.43106365203858 4.95171594619751
1.73562002182007 5.60644817352295 1.43713200092316 2.38278007507324 2.2163999080658 5.75270366668701 4.96843194961548 1.74277186393738 -9999 -9999 -9999 -9999 -9999 -9999 -9999 -9999 -9999 -9999 -9999 -9999 1.1391636133194 4.21204805374146 3.50329184532166 1.6133279800415 1.06572127342224 1.37317204475403 4.7055721282959 0.754716038703918 0.653585970401764 1.65860402584076 7.42809581756592 4.48753213882446 1.51190400123596 1.30114793777466 1.15458846092224 0.953561961650849 2.0347318649292 2.48957991600037 0.268696784973145 0.625609219074249 4.24029588699341 2.93182802200317 0.750815987586975 0.484515607357025 0.63194876909256 1.99892401695251 0.292810797691345 0.0713365226984024 0.155908793210983 0.135404407978058 0.385282784700394 1.1430732011795 0.631342768669128 0.197503209114075 2.49476385116577 11.0553483963013 2.1797399520874 5.62635612487793
3.64374017715454 6.27945613861084 0.95546281337738 -9999 0.725826025009155 1.64445614814758 10.8657722473145 3.584303855896 -9999 -9999 -9999 -9999 -9999 -9999 -9999 -9999 -9999 -9999 -9999 -9999 0.544255197048187 1.53744006156921 3.98272800445557 6.29991626739502 1.83766794204712 1.242840051651 0.416009992361069 0.224625587463379 0.613594770431519 4.10487604141235 2.75153994560242 2.71320009231567 0.412774801254272 0.947640001773834 2.36524820327759 0.826283991336823 3.79826402664185 0.619026005268097 2.0861279964447 2.01891613006592 0.677552402019501 0.819781243801117 0.486525595188141 0.490904420614242 0.768844842910767 1.44828009605408 0.842600405216217 0.126859202980995 0.144695997238159 0.267994791269302 0.660687565803528 1.04767084121704 0.455898016691208 2.6017439365387 1.69343996047974 6.13717174530029 4.2601318359375 37.5494422912598
-9999 -9999 -9999 -9999 -9999 6.14367628097534 4.2571439743042 6.67477226257324 -9999 -9999 -9999 -9999 -9999 -9999 -9999 -9999 -9999 -9999 -9999 -9999 1.34102404117584 2.06144380569458 2.76253199577332 4.27135181427002 2.0033278465271 2.47918796539307 1.61623191833496 0.633723616600037 1.14143991470337 4.1964602470398 4.05838775634766 3.71283602714539 2.39520001411438 0.651701986789703 0.21085199713707 3.76213216781616 0.23402401804924 1.09103155136108 2.33625602722168 2.51604008674622 2.29509592056274 0.909584403038025 0.300159603357315 0.232479602098465 0.122584797441959 1.87090802192688 0.197676002979279 0.151724398136139 0.20346599817276 0.269794791936874 0.217256397008896 0.197917208075523 0.512256026268005 1.16545796394348 1.90251612663269 4.28727626800537 2.72618389129639 6.88238382339478
-9999 -9999 -9999 -9999 -9999 -9999 -9999 1.2875759601593 -9999 -9999 -9999 -9999 -9999 -9999 -9999 -9999 -9999 -9999 -9999 -9999 2.89371609687805 2.42330408096313 4.19833183288574 4.42330837249756 2.27828407287598 3.22997999191284 1.09657549858093 0.5668044090271 2.27637600898743 2.74366807937622 3.83001613616943 2.98802399635315 1.90721988677978 1.72605609893799 1.09200000762939 3.45286798477173 0.984176397323609 1.03876078128815 1.86238813400269 0.389431178569794 0.517741203308105 1.57687187194824 0.442855179309845 0.175564795732498 0.793243169784546 1.0648056268692 0.399885594844818 0.108744367957115 0.212079614400864 0.186328798532486 0.0936354026198387 0.163648799061775 0.209875211119652 0.778651177883148 0.66444718837738 1.72736406326294 7.07493591308594 6.73731565475464
