script/test/IDeficitGrid.asc
ncols         249
nrows         224
xllcorner     -352000
yllcorner     2498000
cellsize      2000
NODATA_value  -9999
[rows 78 to 103 of 224, columns 116 to 173 of 249]
0.252596408128738 0.158449202775955 0.079595759510994 0.0523038022220135 0.658739984035492 0 0 0 0 0 0 0 0 0 0 0 0 0 0 0 0 0 0 0 0 0 0 0 0 0 0 0 0.292344003915787 0.266109585762024 0.130436405539513 0.0729120001196861 0.216954007744789 0.36512279510498 3.16129207611084 0.79901522397995 0.272908806800842 0.996892809867859 0.531979203224182 0.466180801391602 0.104207515716553 0.216266393661499 1.15993440151215 4.29147624969482 0.43649759888649 0.745485603809357 0.799519181251526 0.273369610309601 13.5223197937012 4.74038410186768 6.63609600067139 1.85923194885254 1.81848001480103 1.79621994495392
0.448469996452331 0.316942811012268 1.28386807441711 0.665092825889587 0.656711995601654 0 0 0 0 0 0 0 0 0 0 0 0 0 0 0 0 0 0 0 0 0 0 0 0 0 0 0 0.171425998210907 1.17018723487854 0.0628558844327927 0.207913190126419 0.0748931989073753 0.611965179443359 0.321523189544678 0.843640804290772 0.521467208862305 0.286840796470642 1.99287593364716 0.645867586135864 0.104027643799782 0.143451601266861 0.553870797157288 1.14827764034271 0.629557192325592 0.979146003723145 0.620251178741455 1.02521872520447 0.579190790653229 0.612651586532593 2.8753559589386 3.26874017715454 8.63867950439453 6.45036029815674
0.288196802139282 0.701388001441956 0.0818357989192009 0.110080689191818 0.183654010295868 0 0 0 0 0 0 0 0 0 0 0 0 0 0 0 0 0 0 0 0 0 0 0 0 0 0 0 0 1.5997679233551 0.208232402801514 0.378705620765686 0.0684719979763031 0.127003192901611 1.65259194374084 0.785469651222229 0.218140795826912 0.209186404943466 0.852538824081421 1.14849841594696 0.110912516713142 0.360525608062744 0.992167174816132 0.832270741462708 0.980554819107056 1.03679871559143 0.961626052856445 0.403377592563629 2.42838001251221 1.06175875663757 0.234304785728455 1.62622797489166 7.55756378173828 5.26184368133545
0.308921992778778 0.234978005290031 0.922000765800476 0.0881726443767548 0.355305582284927 0.0483165606856346 0 0 0 0 0 0 0 0 0 0 0 0 0 0 0 0 0 0 0 0 0 0 0 0 0 0 0 0.269378423690796 0.205646395683289 0.527313590049744 0.311208009719849 0.137598007917404 0.238166391849518 0.118110604584217 0.824355602264404 0.361553996801376 0.419802010059357 2.00255990028381 0.374432384967804 0.139185607433319 0.289258807897568 1.38649201393127 1.34854793548584 1.83569991588593 1.10849523544312 0.338479191064835 2.5673041343689 0.559603214263916 0.414107978343964 0.309852004051209 1.29121208190918 1.75041604042053
0.107107073068619 0.120407998561859 3.12362408638 7.57505989074707 0.279437988996506 0.134415596723557 0 0 0 0 0 0 0 0 0 0 0 0 0 0 0 0 0 0 0 0 0 0 0 0 0 0 0.0676928357391288 1.34720396995544 0.1722491979599 0.766912758350372 0.554008781909943 0.429615586996078 2.83660793304443 0.318782389163971 0.78823447227478 2.2392840385437 0.941975951194763 1.4077320098877 0.57176399230957 0.420955181121826 0.662360370159149 0.185882404446602 1.8843959569931 2.13425993919373 0.575036406517029 0.909454822540283 1.46536803245544 0.765273571014404 0.447697222232819 0.266882389783859 0.881904006004334 1.25348401069641
0.133049994707108 0.223743587732315 1.1081759929657 1.08004927635193 0.211959600448608 0.0584875196218491 0 0 0 0 0 0 0 0 0 0 0 0 0 0 0 0 0 0 0 0 0 0 0 0 0 0 0 0 0.354755997657776 0.261226803064346 0.549268782138824 2.40990018844604 10.3792562484741 4.55577611923218 8.06055641174316 1.81319999694824 0.632391631603241 1.4954160451889 0.206685602664948 0.739927172660828 0.863602817058563 0.350824803113937 0.563114404678345 1.40664005279541 1.2810959815979 1.61390399932861 2.78904008865356 0.31480199098587 0.760085999965668 0.737979590892792 0.216451197862625 0.44972038269043
0.0129177607595921 0.141423612833023 0.404013574123383 0.519477605819702 0.775545597076416 0.409088432788849 1.40772008895874 0.793368147640465 0 0 0 0 0 0 0 0 0 0 0 0 0 0 0 0 0 0 0 0 0 0 0 0 0 0 0.164749205112457 0.247835993766785 0.725419223308563 1.23496794700623 41.8212013244629 1.04346477985382 0.54536759853363 1.31787610054016 1.88193607330322 1.63612794876099 4.36426830291748 0.579966008663177 0.0886729210615158 0.204694792628288 0.329985618591309 0.772185623645782 0.838662028312683 1.67923200130463 5.79127216339111 0.236429989337921 1.33760392665863 0.228745192289352 0.346443593502045 0.438018023967743
2.2143120765686 0.0832146033644676 0.24625438451767 0.419491171836853 4.03462791442871 1.22398805618286 2.15664005279541 1.87248826529161 0 0 0 0 0 0 0 0 0 0 0 0 0 0 0 0 0 0 0 0 0 0 0 0 0 0 0.100467838346958 0.318423599004745 19.0615196228027 2.30430006980896 0.256797611713409 0.656660377979279 0.722331583499908 0.384409189224243 1.44157195091248 0.933610796928406 0.605275213718414 4.26907205581665 0.155241593718529 0.22290600836277 0.419329166412353 0.750167965888977 0.322896003723145 1.04636526107788 3.52804803848267 1.55463600158691 0.373721987009048 0.24825718998909 0.687801599502563 0.755527257919312
3.14724016189575 0.0211550388485193 0.776529669761658 6.27265167236328 28.4923210144043 5.93478012084961 0.195023998618126 1.05776147072439 0 0 0 0 0 0 0 0 0 0 0 0 0 0 0 0 0 0 0 0 0 0 0 0 0 0 0.070968359708786 0.111049197614193 0.164983198046684 0.185939997434616 0.122697591781616 0.733518004417419 0.190600782632828 0.421040385961533 0.157488003373146 0.19593121111393 0.0219113994389772 2.98769998550415 1.77063596248627 0.154514402151108 0.256276786327362 0.177152395248413 0.126214802265167 0.908007621765137 6.22884035110474 0.23717400431633 0.862599611282349 0.368050813674927 2.54565596580505 0.6312096118927
2.25572395324707 6.31369209289551 13.5771598815918 2.14855194091797 24.4311599731445 39.240119934082 1.29916799068451 0.768578410148621 0 0 0 0 0 0 0 0 0 0 0 0 0 0 0 0 0 0 0 0 0 0 0 0 0 0 0.0480395508258039 0.182768404483795 0.187363192439079 0.12241680175066 1.24936807155609 3.51005983352661 0.546937227249146 0.658850431442261 0.246231585741043 0.244525194168091 1.758131980896 6.38372421264648 1.63940405845642 1.4675760269165 0.540926396846771 0.325089603662491 0.237184792757034 0.655574381351471 5.11165189743042 1.13503086566925 0.314277589321136 0.363129585981369 0.711785972118378 1.49609994888306
0.972817182540894 3.82057213783264 7.36635589599609 0.138365998864174 0.36077880859375 0.536198377609253 0.139114797115326 0.149417996406555 0 0 0 0 0 0 0 0 0 0 0 0 0 0 0 0 0 0 0 0 0 0 0 0 0 0 0 0.217698007822037 0.475286424160004 0.196817994117737 0.918001234531403 2.17142391204834 0.913893580436707 0.743292033672333 0.515972375869751 0.227279990911484 2.6502480506897 0.276630014181137 0.211589992046356 0.524304032325745 0.574733972549438 0.586617588996887 0.467913597822189 2.07751202583313 0.580645203590393 0.563337624073029 0.261008381843567 0.195914402604103 0.322952389717102 1.24954795837402
1.41772794723511 0.797662734985352 0.0338160023093224 0.0485163629055023 0.0928547978401184 0.15447960793972 0.360083997249603 0.113822638988495 0 0 0 0 0 0 0 0 0 0 0 0 0 0 0 0 0 0 0 0 0 0 0 0 0 0 0 0.340729176998138 0.419839203357697 0.198700785636902 0.12462479621172 0.269509196281433 2.15804409980774 0.719540357589722 0.985130429267883 0.25200480222702 7.29684019088745 1.20353996753693 1.19418478012085 5.1554160118103 1.64776802062988 4.46919631958008 12.2439594268799 2.1210241317749 0.556011617183685 2.28004813194275 1.14519476890564 0.248703598976135 0.467569202184677 5.66232013702393
0.761005163192749 0.706654787063599 0.68652480840683 0.0629396364092827 0.095796599984169 0.176794797182083 0.142209604382515 0.148560002446175 0 0 0 0 0 0 0 0 0 0 0 0 0 0 0 0 0 0 0 0 0 0 0 0 0 0 0 0 0.69564962387085 0.245645999908447 0.191397607326508 0.220211997628212 2.11831188201904 0.33672359585762 0.578614830970764 2.34506392478943 3.31755590438843 1.60040402412415 1.87552809715271 0.144187197089195 0.383691608905792 4.17073202133179 13.0679998397827 1.96563601493835 0.420397192239761 0.6104856133461 0.544095635414124 0.154090791940689 1.17418193817139 8.06488800048828
1.64679598808289 0.505208432674408 1.9178159236908 4.06061983108521 0.0634745955467224 0.102597832679749 1.19923555850983 0.820460379123688 1.06710839271545 0 0 0 0 0 0 0 0 0 0 0 0 0 0 0 0 0 0 0 0 0 0 0 0 0 0 0 0.457598388195038 0.214560002088547 0.206475600600243 0.817251563072205 21.2667598724365 0.28914600610733 0.549821972846985 3.80913591384888 3.1650242805481 1.2000720500946 1.02079200744629 0.284145593643188 0.307762801647186 0.727349996566773 7.9517765045166 2.48270392417908 4.99984788894653 7.96012830734253 3.1307520866394 0.33954119682312 2.34955191612244 3.7221360206604
2.42418003082275 1.48189198970795 4.83849573135376 1.95588004589081 0.241880401968956 0.0917133614420891 0.17678639292717 0.692024409770966 0.512145578861237 0 0 0 0 0 0 0 0 0 0 0 0 0 0 0 0 0 0 0 0 0 0 0 0 0 0 0 0.0178065747205862 0.221334010362625 0.092295840382576 2.89683604240417 29.9107189178467 1.29301190376282 0.904334425926209 7.21362018585205 0.115325272083282 0.0437166020274162 0.392468392848969 1.11681485176086 0.211279183626175 0.192843616008759 0.445988416671753 1.60601997375488 1.47788405418396 0.437322020530701 2.76747608184814 4.66544389724731 7.05204010009766 0.594550788402557
2.29190397262573 1.52588403224945 1.20840001106262 0.565559983253479 0.211933195590973 0.0668144375085831 0.0312091186642647 0.75244677066803 0.129679203033447 0 0 0 0 0 0 0 0 0 0 0 0 0 0 0 0 0 0 0 0 0 0 0 0 0 0 0 0 0.273054003715515 0.0584492385387421 0.626863181591034 2.40082788467407 0.556972801685333 6.87862777709961 2.81949591636658 0.354205191135406 0.133985996246338 0.477826833724976 0.76559042930603 0.623232007026672 0.618170380592346 0.208828791975975 1.13648641109467 0.675714015960693 0.522529184818268 0.46020120382309 0.649453163146973 0.201655209064484 1.46649599075317
2.09323215484619 1.09373164176941 0.640715956687927 0.531394779682159 1.22229599952698 0.119106955826283 0.111613318324089 0.120692402124405 1.05688202381134 0.0041904964575775 0 0 0 0 0 0 0 0 0 0 0 0 0 0 0 0 0 0 0 0 0 0 0 0 0 0 0 6.13237190246582 0.0194926802068949 0.434830784797669 1.05989277362823 0.692376017570496 6.42517232894897 2.57170820236206 0.152707204222679 0.3236064016819 0.0935162380337715 0.5152667760849 0.595353603363037 0.315082788467407 1.87642800807953 0.323365211486816 1.96947598457336 0.316227585077286 0.14998559653759 0.148259997367859 0.219446405768394 0.749072432518005
0.765295207500458 0.958394408226013 0.48591959476471 0.480776399374008 1.0683468580246 0.297199189662933 0.117063239216805 0.0478863604366779 0.76295280456543 0.489596396684647 0 0 0 0 0 0 0 0 0 0 0 0 0 0 0 0 0 0 0 0 0 0 0 0 0 0 0 1.16402421361583 1.46030402183533 0.130649998784065 0.756865203380585 4.75715970993042 8.56681156158447 2.25868797302246 0.159440398216248 0.258415192365646 0.234904795885086 1.0937112569809 0.222645610570908 0.120800405740738 0.780359983444214 1.42528796195984 17.6362800598145 0.402669578790665 0.264590382575989 0.830804407596588 0.355840802192688 0.195697218179703
1.21849203109741 0.748310387134552 0.760186791419983 0.483624011278153 0.611485183238983 0.268022388219833 0.121805995702744 0.0980340018868446 0.380584806203842 1.4261280298233 0.00150209335049354 0 0 0 0 0 0 0 0 0 0 0 0 0 0 0 0 0 0 0 0 0 0 0 0 0 0 0.106196821874749 7.0093560218811 6.21152400970459 4.19501972198486 3.43970394134521 0.111373320221901 0.85519677400589 0.46431839466095 0.189079195261002 0.233841598033905 2.840735912323 0.646094381809235 0.817224025726318 2.74198794364929 0.293665200471878 1.19788324832916 0.276690006256104 0.72851037979126 0.172421991825104 0.186033606529236 0.0875751599669456
1.61580014228821 0.698534369468689 0.439478397369385 1.10776078701019 0.726153612136841 0.323289602994919 0.13539120554924 0.123355194926262 0.291879594326019 1.17403316497803 0.559866487617572 0 0 0 0 0 0 0 0 0 0 0 0 0 0 0 0 0 0 0 0 0 0 0 0 0 0 0 1.2620542690213 0.936404407024384 0.0822381600737572 4.20776414871216 0.14293560385704 0.888086378574371 0.381435602903366 0.519304811954498 0.245609998703003 1.51762795448303 1.64488792419434 0.538895964622498 0.611141979694366 0.321377992630005 0.141883194446564 0.174454793334007 0.318946778774261 0.434222400188446 0.164634004235268 0.180382803082466
1.00675320625305 0.981414020061493 0.380524814128876 0.480695962905884 1.82915997505188 0.634612798690796 0.383256018161774 0.242773205041885 0.16763399541378 0.397298395633698 2.62368011474609 0 0 0 0 0 0 0 0 0 0 0 0 0 0 0 0 0 0 0 0 0 0 0 0 0 0 0 0 0.148015201091766 0.214466392993927 0.530377209186554 0.140672400593758 2.04261612892151 0.659667611122131 0.240329995751381 0.442920029163361 2.22638416290283 4.06150817871094 0.222902417182922 0.812324404716492 3.70592403411865 2.57432389259338 0.651873588562012 0.315842390060425 0.202757984399796 0.106358282268047 0.0653278827667236
1.88755202293396 0.811936736106873 0.515625596046448 0.561597585678101 1.60689604282379 0.926441967487335 0.419414401054382 0.50737202167511 0.241521596908569 0.399411588907242 0.32424122095108 0 0 0 0 0 0 0 0 0 0 0 0 0 0 0 0 0 0 0 0 0 0 0 0 0 0 0 0 0.127665609121323 0.780644416809082 0.391789197921753 0.03763248026371 0.0894691199064255 0.556815624237061 1.02100205421448 0.226949989795685 8.01658821105957 6.76148414611816 2.04669618606567 2.27413201332092 0.389446794986725 0.275974810123444 0.48898321390152 0.224421590566635 0.118461608886719 0.0948456078767776 0.188958004117012
2.74346399307251 1.34852409362793 7.07673597335815 0.806360363960266 1.70174396038055 2.19449996948242 0.937138795852661 0.702178835868835 0.41508960723877 0.176993995904922 0.456772804260254 0 0 0 0 0 0 0 0 0 0 0 0 0 0 0 0 0 0 0 0 0 0 0 0 0 0 0 0 0.553335607051849 0.553907990455627 0.295515596866608 0.124849200248718 0.0975044444203377 0.0858104377985001 0.679058372974396 0.0949146002531052 3.73330807685852 0.852017998695374 0.59342759847641 1.87964391708374 1.80906009674072 2.7426118850708 1.39720797538757 1.22862005233765 0.970279216766357 0.552099585533142 0.676101624965668
2.32423186302185 0.954970836639404 2.98368000984192 0.244179591536522 0.233485192060471 1.74932408332825 0.888201594352722 0.627280831336975 0.725666403770447 0.271502405405045 0.0884085595607758 0.679654836654663 0 0 0 0 0 0 0 0 0 0 0 0 0 0 0 0 0 0 0 0 0 0 0 0 0 0 0 0 0.265912801027298 0.462206393480301 0.07795500010252 0.0671095177531242 0.212182804942131 0.26297402381897 0.20478481054306 1.4718120098114 0.819927573204041 2.37208795547485 2.36895608901978 1.91780400276184 11.0631484985352 28.2493209838867 5.25493192672729 1.06593239307404 1.93382406234741 0.87872040271759
8.18515205383301 0.847818017005921 0.781864821910858 0.258926391601563 0.79613995552063 0.257974803447723 0.945749998092651 0.949824035167694 0.675139188766479 0.441513597965241 0.319584012031555 0.500989198684692 0.663344383239746 0 0 0 0 0 0 0 0 0 0 0 0 0 0 0 0 0 0 0 0 0 0 0 0 0 0 0 0.160651206970215 0.69420599937439 0.0869877636432648 0.0762854367494583 1.56801605224609 0.314312398433685 0.638252437114716 0.526537179946899 1.15744209289551 2.76370787620544 1.15985035896301 2.04319190979004 3.37167596817017 10.1009407043457 3.06904792785645 2.14647603034973 1.51100397109985 1.24609196186066
12.1506004333496 9.08856010437012 0.593281209468842 0.337378799915314 1.12202286720276 0.262281596660614 0.101373478770256 1.30576801300049 0.61868280172348 0.593677163124084 0.25297799706459 0.561890363693237 0.724241971969604 0.655177582458981 0 0 0 0 0 0 0 0 0 0 0 0 0 0 0 0 0 0 0 0 0 0 0 0 0 0 0.381026387214661 0.248230800032616 0.125637590885162 0.331521600484848 0.565177202224731 0.250953614711761 0.317026793956757 0.510112762451172 0.6709343791008 0.666326403617859 0.520605564117432 0.65238356590271 2.22596406936646 1.76873993873596 0.554275155067444 1.31961596012115 1.04052841663361 6.86038827896118
