script/test/IDeficitGrid.asc
ncols         249
nrows         224
xllcorner     -352000
yllcorner     2498000
cellsize      2000
NODATA_value  -9999
[rows 52 to 77 of 224, columns 116 to 173 of 249]
0.548006415367126 0.185077205300331 0.372694790363312 0.106077119708061 0 0 0 0 0 0 0 0 0 0 0 0 0 0 0 0 0 0 0 0 0 0 0 0 0 0 0 0.508310377597809 0.121294796466827 0.126735597848892 0.376249194145203 0.309493184089661 3.32397603988647 2.31874799728394 0.255339592695236 0.198826789855957 0.671259582042694 2.3146800994873 0.848964035511017 0.130174800753593 0.253058403730392 0.0787792801856995 0.228674381971359 0.187284007668495 0.0533391572535038 0.066775918006897 0.0799891203641891 0.103644728660584 0.125365197658539 0.0441914387047291 0.128218799829483 0.240094810724258 0.0777118802070618 0.0553824007511139
0.616122007369995 0.313804805278778 0.284407198429108 0.777130842208862 0 0 0 0 0 0 0 0 0 0 0 0 0 0 0 0 0 0 0 0 0 0 0 0 0 0 0.00741684838721082 0.162890404462814 0.698632776737213 0.430818021297455 0.0675691217184067 0.472279191017151 0.345655202865601 0.347663998603821 0.193269610404968 0.887479186058044 1.78244400024414 1.10021638870239 0.181748405098915 0.330460786819458 0.18938159942627 0.197411984205246 0.0880813151597977 0.131200805306435 0.0623923242092133 0.0213741604238749 0.0608204416930676 0.047686442732811 0.534058809280396 0.205245614051819 0.246944397687912 0.433786779642105 0.462734401226044 1.80509996414185
0.673312783241272 1.55835592746735 0.310972809791565 0.103346519172192 0 0 0 0 0 0 0 0 0 0 0 0 0 0 0 0 0 0 0 0 0 0 0 0 0 0 0.00832317684675651 0.154814392328262 0.190365612506866 0.32740318775177 0.0769462808966637 0.355065584182739 0.5946444272995 0.608246445655823 0.49074599146843 0.613487958908081 1.03986239433289 0.0371192395687103 0.0408705584704876 0.268329590559006 0.0503592006862164 0.0950342416763306 0.159058809280396 0.283748418092728 0.0249428395181894 2.20711207389832 0.156500399112701 4.05343198776245 1.24307990074158 0.899120330810547 0.402415215969086 0.220274403691292 0.0370573177933693 0.211215600371361
0.0493623577058315 0.628971636295319 1.43369996547699 0.860989212989807 0.00218013166471495 0 0 0 0 0 0 0 0 0 0 0 0 0 0 0 0 0 0 0 0 0 0 0 0 0 0 0.186301201581955 0.29183641076088 0.15599399805069 0.0481424406170845 0.0980372428894043 0.177377998828888 0.725621998310089 0.464010000228882 2.58281993865967 0.357951581478119 0.130991995334625 0.201495617628098 0.0951268821954727 0.0778303146362305 0.0307399202138186 0.0371924415230751 0.0485029220581055 0.12658679485321 0.264596402645111 0.26253479719162 0.419840395450592 0.279664784669876 0.479056775569916 0.156182408332825 0.0798855572938919 0.137920796871185 0.127539604902267
0.242350786924362 0.393023997545242 0.240804016590118 2.39272809028625 0 0 0 0 0 0 0 0 0 0 0 0 0 0 0 0 0 0 0 0 0 0 0 0 0 0 0.121120803058147 0.309949189424515 0.0661761611700058 0.485797166824341 0.107078403234482 0.241356015205383 0.170419201254845 0.392382025718689 1.40123999118805 3.37961983680725 0.846352815628052 0.305000394582748 0.566651999950409 0.514540791511536 0.162510007619858 0.687920391559601 0.159318000078201 0.707887232303619 0.680941224098206 0.115906320512295 0.332349598407745 0.767277598381042 0.0498960018157959 0.453421235084534 0.382482022047043 0.0882899984717369 0.509270429611206 0.188778012990952
0.743505597114563 0.644978404045105 0.15839159488678 0.239672407507896 0 0 0 0 0 0 0 0 0 0 0 0 0 0 0 0 0 0 0 0 0 0 0 0 0 0 0.286765217781067 0.110661596059799 0.0630556792020798 0.383941173553467 0.227253600955009 0.114193439483643 0.149374797940254 0.190489202737808 3.34446001052856 2.03416800498962 0.246524393558502 0.402045607566834 1.06369805335999 0.54039478302002 0.0689059197902679 0.21479520201683 0.19990199804306 0.905751585960388 0.427039206027985 0.14452800154686 0.780842363834381 2.39043593406677 0.316113591194153 0.678320407867432 0.30171000957489 0.371648401021957 0.271438777446747 0.338107198476791
0.134989202022552 0.145869597792625 1.13568246364594 3.86646008491516 1.45532713826838 0 0 0 0 0 0 0 0 0 0 0 0 0 0 0 0 0 0 0 0 0 0 0 0 0 0 0.246845990419388 0.0458144396543503 0.134184002876282 0.342919200658798 0.493308007717133 0.13099679350853 0.358819186687469 5.14556407928467 3.26383209228516 0.215546399354935 0.362355589866638 0.579285621643066 0.83310604095459 0.323927998542786 0.104483768343925 0.175669193267822 0.0852226838469505 0.0911810398101807 0.246207609772682 0.491960406303406 0.116274237632751 0.07279884070158 1.19679236412048 0.62746798992157 0.993886828422547 0.200348407030106 0.197379603981972
1.04389083385468 1.42339205741882 1.75216805934906 2.6998438835144 2.44741190079377 0 0 0 0 0 0 0 0 0 0 0 0 0 0 0 0 0 0 0 0 0 0 0 0 0 0 0.216976806521416 0.0363779999315739 0.205413609743118 0.094158835709095 0.348374396562576 0.197479203343391 2.75389194488525 3.23887205123901 0.848593175411224 0.331088393926621 5.13505172729492 0.37606680393219 0.532992005348206 0.300466805696487 0.262498795986176 0.276721209287643 16.8292789459229 7.16423988342285 0.47864156961441 4.07371187210083 6.56814002990723 0.292573183774948 0.620917201042175 1.01352477073669 0.866527199745178 0.65160596370697 2.54390382766724
0.504372000694275 0.305331617593765 0.0329886004328728 0.238595992326736 0 0 0 0 0 0 0 0 0 0 0 0 0 0 0 0 0 0 0 0 0 0 0 0 0 0 0 0.430497586727142 0.225099608302116 0.442739993333817 1.06173360347748 4.73656797409058 2.17474794387817 1.46685600280762 0.600580811500549 0.496527582406998 0.171542406082153 0.290724009275436 0.470110833644867 1.04203200340271 0.353061616420746 0.424296021461487 0.212266802787781 0.268069207668304 7.36213207244873 0.218312382698059 3.77335214614868 2.09810400009155 0.378103196620941 0.937195181846619 1.37818801403046 0.631630778312683 1.09217035770416 1.67629194259644
0.74261999130249 0.0371151603758335 0.103038243949413 0.087727315723896 0 0 0 0 0 0 0 0 0 0 0 0 0 0 0 0 0 0 0 0 0 0 0 0 0 0 0 0.827740788459778 0.493719577789307 0.287832021713257 0.62149441242218 0.0634230002760887 0.383793622255325 0.143757596611977 0.265243202447891 1.01121115684509 0.378466784954071 0.699932396411896 0.31269958615303 0.508237242698669 0.235585182905197 0.531317949295044 0.741730809211731 0.5105220079422 1.54256391525269 1.5158519744873 1.78944003582001 1.04034602642059 0.61450320482254 0.911076068878174 0.886190414428711 0.882575988769531 0.486216008663178 1.26225590705872
0.291720002889633 0.0825363621115685 0.124469995498657 0.22542479634285 0 0 0 0 0 0 0 0 0 0 0 0 0 0 0 0 0 0 0 0 0 0 0 0 0 0 0 0.401023209095001 0.327401995658875 0.134228408336639 0.149051994085312 0.0724490433931351 0.268256396055222 0.254875183105469 0.101349480450153 1.19895958900452 5.35056018829346 4.08666038513184 5.45808029174805 6.38924407958984 0.290523588657379 1.18975687026978 0.548091650009155 0.275806784629822 0.79473602771759 0.638284802436829 2.61634802818298 0.331763982772827 0.747705578804016 0.917809188365936 1.36622405052185 0.765227973461151 0.394180774688721 0.663201630115509
0.0643546804785728 0.175304397940636 0.105616562068462 0.812204360961914 0 0 0 0 0 0 0 0 0 0 0 0 0 0 0 0 0 0 0 0 0 0 0 0 0 0 0 0.0989114418625831 0.149797201156616 0.252600014209747 0.104797556996346 0.123639598488808 0.0928430408239365 0.435391187667847 2.0842559337616 2.45885992050171 1.079017162323 0.591003596782684 0.388269603252411 2.16910791397095 2.64074397087097 3.35872793197632 3.03527998924255 3.24638414382935 0.898210823535919 2.41435194015503 0.698539197444916 0.356365203857422 0.228050395846367 0.313023597002029 1.16682362556458 1.798583984375 0.821599125862121 0.646903216838837
0.132723599672318 0.210901200771332 0.154328390955925 0.962350726127625 0 0 0 0 0 0 0 0 0 0 0 0 0 0 0 0 0 0 0 0 0 0 0 0 0 0 0 0.177211195230484 0.320529609918594 0.262742400169373 0.269317209720612 0.778996825218201 0.519712805747986 2.83977603912354 0.904756844043732 0.137846395373344 0.201111614704132 7.31517601013184 0.428862035274506 0.0997737646102905 1.3364999294281 0.518463611602783 0.641630411148071 3.3987717628479 1.42123198509216 0.0885671973228455 0.252031207084656 2.68047595024109 0.423584401607513 2.40689992904663 0.220753192901611 0.839835584163666 0.597638428211212 0.568245589733124
0.117382794618607 0.115278840065002 0.238230004906654 0.125052005052567 0 0 0 0 0 0 0 0 0 0 0 0 0 0 0 0 0 0 0 0 0 0 0 0 0 0 0.0581300963967559 1.03813803195953 0.187461599707603 0.131730005145073 0.47619241476059 1.50929999351501 1.34234392642975 0.422947227954864 0.439390808343887 2.25612020492554 0.410895586013794 0.547522783279419 0.355580389499664 0.352324813604355 1.54025995731354 0.719717979431152 0.832599639892578 0.714347958564758 0.217085987329483 0.188923209905624 0.189185991883278 0.526549220085144 0.84708833694458 1.42268395423889 1.02181804180145 0.733681201934814 0.471080392599106 0.498820781707764
0.0223180800676346 0.120841205120087 0.079580157995224 0.124683603644371 0 0 0 0 0 0 0 0 0 0 0 0 0 0 0 0 0 0 0 0 0 0 0 0 0 0 0.0143612503415874 1.71983993053436 1.68699598312378 0.993987560272217 0.975974440574646 1.16051161289215 0.567483603954315 0.517556428909302 0.284439593553543 0.271714806556702 0.498716413974762 1.52049601078033 0.189543604850769 0.330865204334259 0.435735583305359 0.547202348709106 0.6443772315979 1.29903602600098 0.185515195131302 0.577894806861877 0.189734399318695 0.240087598562241 0.302100002765656 0.649262428283691 0.295121997594833 0.477237582206726 1.76761198043823 1.1693412065506
0.110146805644035 0.019521240144968 0.0759583190083504 0.0458311215043068 0.383373588323593 0 0 0 0 0 0 0 0 0 0 0 0 0 0 0 0 0 0 0 0 0 0 0 0 0 0 1.51375198364258 1.89320397377014 0.518463611602783 0.484594792127609 1.0128755569458 0.979340434074402 0.343201220035553 0.655635595321655 0.560072422027588 2.49758386611938 2.35247993469238 0.346399188041687 0.308300375938416 0.599401235580444 0.457663178443909 1.32874798774719 2.47819185256958 0.683851182460785 0.305487602949142 0.545040011405945 0.41132640838623 1.17036247253418 0.401432394981384 0.43864318728447 0.48054963350296 0.708697199821472 0.978394865989685
0.264382779598236 0.194511607289314 0.504449963569641 0.476328015327454 0 0 0 0 0 0 0 0 0 0 0 0 0 0 0 0 0 0 0 0 0 0 0 0 0 0 0 0.328724414110184 1.03397524356842 1.58928000926971 0.562143564224243 0.430767595767975 0.12786839902401 0.493953585624695 0.586954832077026 0.384421229362488 0.605410814285278 2.69628000259399 0.194728791713715 0.472690790891647 0.399578422307968 0.280000805854797 0.935436010360718 3.09981608390808 0.6026411652565 1.28143191337585 0.669138014316559 0.194840401411056 0.717615604400635 0.642867624759674 0.425650775432587 0.841435194015503 1.31036400794983 1.07334959506989
0.0172717198729515 0.0251138396561146 0.0496050044894219 0.11557500064373 0 0 0 0 0 0 0 0 0 0 0 0 0 0 0 0 0 0 0 0 0 0 0 0 0 0 0 0.905489981174469 0.241923600435257 0.498572409152985 0.138789594173431 0.0708957612514496 0.14648999273777 0.212626799941063 0.386611193418503 0.228565201163292 0.911227226257324 1.58895599842072 0.615830421447754 0.154525205492973 0.427544385194778 0.680419206619263 0.315771579742432 1.00140607357025 0.705055236816406 0.714811205863953 0.341966390609741 1.28038799762726 1.17102241516113 0.381143987178802 0.72547322511673 1.6346640586853 3.47919607162476 0.928430378437042
0.103306084871292 23.5900802612305 3.68022012710571 1.00960803031921 0 0 0 0 0 0 0 0 0 0 0 0 0 0 0 0 0 0 0 0 0 0 0 0 0 0 0 0.590407192707062 0.228139191865921 0.564913153648377 0.136359602212906 0.272792398929596 0.324185997247696 0.318878412246704 0.90130078792572 2.84627985954285 0.31434839963913 0.0471817217767239 0.401789993047714 0.0708046779036522 0.409933179616928 0.395779192447662 1.10347080230713 1.06002116203308 1.90905594825745 0.370411217212677 0.882258057594299 1.76445603370667 1.39971590042114 0.414928793907166 0.583011627197266 1.51070404052734 2.35970401763916 0.3505499958992
0.052243921905756 0.0728247612714767 0.116942405700684 2.2363920211792 0 0 0 0 0 0 0 0 0 0 0 0 0 0 0 0 0 0 0 0 0 0 0 0 0 0 0 0.381332397460938 0.65794438123703 0.303817182779312 0.0930650383234024 0.422953188419342 0.340478420257568 0.850756824016571 1.04812920093536 1.18327081203461 0.222922801971436 0.0525574758648872 0.588436782360077 0.25807797908783 0.339733183383942 0.439607977867126 0.875517606735229 2.11956000328064 3.03941988945007 2.30329179763794 3.32288408279419 0.48053640127182 0.355299592018127 0.512060403823853 0.976789176464081 2.50341606140137 1.98243606090546 1.2859799861908
0.358543187379837 0.162440404295921 0.590235590934753 1.31926798820496 0.186252816997078 0 0 0 0 0 0 0 0 0 0 0 0 0 0 0 0 0 0 0 0 0 0 0 0 0 0.332939920884347 2.47904396057129 2.756676197052 2.33775591850281 1.81236004829407 2.11984801292419 0.817242026329041 0.507298827171326 0.243653982877731 0.239079594612122 0.445183217525482 0.162069588899612 0.496450781822205 0.511717200279236 0.286990791559219 0.240092396736145 0.862266004085541 1.24484395980835 0.845131158828735 1.19271719455719 0.77928364276886 2.28368401527405 0.402908384799957 1.09798204898834 2.10624003410339 1.79395198822021 1.19483399391174 1.90077602863312
0.914705991744995 1.32242393493652 5.12646007537842 59 0.030636819366017 0 0 0 0 0 0 0 0 0 0 0 0 0 0 0 0 0 0 0 0 0 0 0 0 0 0 1.39426803588867 0.588003635406494 0.925354778766632 0.459855616092682 0.688437581062317 0.254613608121872 0.329365193843842 0.206104815006256 0.265592396259308 0.112755842506886 0.249413996934891 0.143905192613602 0.531663596630097 0.296162396669388 0.277587592601776 1.93465197086334 3.24587988853455 0.340076416730881 1.40735995769501 1.57078790664673 0.142144799232483 0.42760443687439 1.76078402996063 1.13752436637878 1.69971609115601 2.6420521736145 1.80490803718567
0.661921203136444 0.488096415996552 5.81413173675537 59 2.21519411989485 0 0 0 0 0 0 0 0 0 0 0 0 0 0 0 0 0 0 0 0 0 0 0 0 0 0.573500289736677 2.56128001213074 0.044671680778265 0.961291193962097 0.417721211910248 0.508023619651794 0.33187198638916 0.456991195678711 0.173697590827942 0.29051399230957 0.146354407072067 0.237399592995644 0.813804030418396 0.0923840403556824 0.199749603867531 0.45100799202919 4.84734010696411 0.414325207471848 0.280699193477631 0.452175617218018 0.928719639778137 0.138301193714142 1.1934072971344 1.71273601055145 1.08971643447876 2.01209998130798 2.48276400566101 1.73335194587707
0.398011207580566 20.4412803649902 17.418119430542 0.428995192050934 0.420339267829044 0 0 0 0 0 0 0 0 0 0 0 0 0 0 0 0 0 0 0 0 0 0 0 0 0 0 0.169558808207512 0.104186043143272 0.186447605490685 0.278878808021545 0.866036415100098 4.64708423614502 1.93879199028015 0.557832002639771 0.0667838454246521 0.0807901173830032 0.102894350886345 2.58775186538696 0.089258037507534 0.0490584000945091 0.702055215835571 2.32189202308655 0.822723627090454 0.582349181175232 0.487028419971466 0.383372366428375 0.610057234764099 1.76046001911163 2.79494404792786 0.614374816417694 0.756169199943542 0.50238835811615 0.864232778549194
0.187575593590736 4.05312013626099 5.737380027771 0.276925206184387 0 0 0 0 0 0 0 0 0 0 0 0 0 0 0 0 0 0 0 0 0 0 0 0 0 0 0 0 0.0667371600866318 0.167681992053986 0.716329216957092 0.731110811233521 1.83399605751038 1.04854440689087 0.396660000085831 0.161437198519707 0.42079558968544 0.472107589244843 1.97683203220367 0.157205998897552 0.0258216001093388 0.364797592163086 1.20697200298309 0.380054414272308 0.591174006462097 0.599738419055939 0.247370392084122 0.497329205274582 2.57404804229736 3.37326002120972 1.24759197235107 1.87481999397278 0.860148072242737 0.945273578166962
0.52731716632843 0.374292016029358 0.113069400191307 0.0471192002296448 0 0 0 0 0 0 0 0 0 0 0 0 0 0 0 0 0 0 0 0 0 0 0 0 0 0 0 0.0497817439131817 0.172528803348541 0.247958391904831 0.0427304394543171 0.0331903174519539 0.0821078419685364 0.19777800142765 0.437006413936615 0.590344786643982 0.597765564918518 0.341029196977615 0.470674812793732 0.228782385587692 0.143707200884819 0.462540030479431 1.49390399456024 2.27722787857056 0.604076385498047 1.22352004051208 0.655670404434204 3.72917985916138 3.51157188415527 4.67258405685425 2.78017210960388 1.83199203014374 0.464206784963608 1.58628010749817
